0.829204 1.564031 -0.022689
0.825391 1.567326 -0.017107
0.830963 1.571354 -0.018404
0.790680 1.628158 -0.035600
0.806903 1.704958 -0.046504
0.771228 1.538458 -0.010101
0.771367 1.538901 -0.003746
0.781404 1.540603 -0.001988
0.766167 1.558372 -0.005408
0.795034 1.557425 0.014691
0.819235 1.575912 0.029126
0.834951 1.611238 0.046129
0.832073 1.663758 0.093581
0.856288 1.735271 0.113655
0.879992 1.812101 0.116230
0.931991 1.885042 0.109162
0.988422 1.983247 0.077173
1.060833 2.068305 0.047896
1.130225 2.025707 0.070958
1.196632 1.968951 0.089777
1.344625 2.186213 0.021960
1.430835 2.209551 0.028019
1.502503 2.217033 0.036061
1.554923 2.230208 0.040072
1.576116 2.248346 0.034938
1.582370 2.251573 0.027241
1.589217 2.255239 0.022091
1.588631 2.254795 0.019540
1.588631 2.254795 0.019540
1.590763 2.261932 0.017551
1.590763 2.261932 0.017551
1.590763 2.261932 0.017551
1.590763 2.261932 0.017551
1.590763 2.261932 0.017551
1.582257 2.268906 0.015672
1.586042 2.265402 0.020719
1.590295 2.261915 0.021657
1.593015 2.269504 0.022221
1.593015 2.269504 0.022221
1.597855 2.266459 0.025713
1.600697 2.274478 0.032942
1.602125 2.294031 0.046488
1.605079 2.331951 0.049551
1.605419 2.398851 0.048967
1.596172 2.485712 0.055531
1.612268 2.588544 0.062292
1.627396 2.704608 0.071645
1.664543 2.821653 0.074427
1.715079 2.947524 0.079788
1.779657 3.042628 0.086658
1.830413 3.088871 0.063783
1.926396 3.300970 0.071308
1.947326 3.261605 0.149632
1.997840 3.288741 0.170275
2.063414 3.322492 0.173791
2.158125 3.454783 0.116553
2.214108 3.455216 0.118314
2.282504 3.442485 0.153427
2.296551 3.455473 0.152731
2.294388 3.460057 0.137752
2.289162 3.456714 0.128897
2.281854 3.445261 0.117793
2.371163 3.319185 0.038730
2.376234 3.314781 0.035654
2.383481 3.318042 0.034850
2.386634 3.325754 0.028705
2.391802 3.321718 0.032751
2.391802 3.321718 0.032751
2.396389 3.317283 0.033886
2.400973 3.312849 0.035022
2.404139 3.320540 0.028887
2.403647 3.320529 0.033088
2.403647 3.320529 0.033088
2.403647 3.320529 0.033088
2.399060 3.324970 0.031951
2.391802 3.321718 0.032751
2.391893 3.322105 0.039862
2.386818 3.326525 0.042934
2.383386 3.331762 0.047618
2.365111 3.349906 0.050212
2.355629 3.359543 0.066409
2.359049 3.368447 0.081640
2.365325 3.385863 0.109217
2.359487 3.417895 0.142252
2.363128 3.442144 0.198957
2.354407 3.506054 0.222843
2.363474 3.583976 0.213576
2.390797 3.683467 0.175628
2.448167 3.776134 0.123331
2.492134 3.753862 0.112982
2.538298 3.719811 0.127593
2.582128 3.678224 0.147074
2.773788 4.157770 0.046864
2.786152 4.191229 0.042244
2.786677 4.212624 0.033928
2.786677 4.212624 0.033928
2.790111 4.221008 0.027622
2.789634 4.220925 0.031977
2.789634 4.220925 0.031977
2.790111 4.221008 0.027622
2.793071 4.229318 0.025667
2.790111 4.221008 0.027622
2.790201 4.221321 0.035135
2.793727 4.230022 0.036346
2.793079 4.244665 0.046973
2.792423 4.259315 0.057620
2.801409 4.284678 0.059332
2.810329 4.309784 0.053511
2.812745 4.317784 0.048383
2.812656 4.317478 0.040831
2.812656 4.317478 0.040831
2.813132 4.317552 0.036464
2.816112 4.325942 0.034511
2.816112 4.325942 0.034511
2.813132 4.317552 0.036464
2.813132 4.317552 0.036464
2.813132 4.317552 0.036464
2.812656 4.317478 0.040831
2.812656 4.317478 0.040831
2.812656 4.317478 0.040831
2.813132 4.317552 0.036464
2.812656 4.317478 0.040831
2.813783 4.318235 0.047204
2.821142 4.299944 0.062434
2.837981 4.285842 0.086523
2.871385 4.264459 0.128617
2.941820 4.236413 0.188548
3.030031 4.200074 0.238405
3.137091 4.168390 0.242477
3.255552 4.139110 0.246918
3.387227 4.104232 0.218621
3.529086 4.090583 0.178193
3.626495 4.153690 0.161938
3.663217 4.210522 0.111542
3.673425 4.234099 0.106206
3.679258 4.229108 0.114165
3.676927 4.222176 0.130020
3.653156 4.248292 0.088379
3.662966 4.252300 0.112806
3.671426 4.270443 0.149116
3.712317 4.311454 0.179874
3.774753 4.336850 0.207847
3.847397 4.384179 0.205015
3.864771 4.269354 0.202495
3.919202 4.200118 0.205326
4.081908 4.408837 0.098357
4.127611 4.357413 0.131571
4.126497 4.357272 0.132294
4.134014 4.327691 0.074426
4.143937 4.316656 0.088178
4.162163 4.322038 0.112718
4.198194 4.345487 0.139585
4.260488 4.359628 0.153889
4.336517 4.389837 0.166250
4.406357 4.452614 0.163676
4.569955 4.257707 0.155807
4.655985 4.156904 0.176594
4.724346 4.068140 0.205329
4.783767 3.991838 0.227014
4.810762 3.956963 0.242763
4.823622 3.952228 0.244019
4.778452 4.011443 0.237344
4.785575 4.025530 0.238243
4.790890 4.052479 0.244224
4.808503 4.087689 0.248537
4.841744 4.151453 0.246668
4.874680 4.209193 0.221991
4.928000 4.309671 0.212192
4.971644 4.383494 0.167661
5.015806 4.423477 0.110291
5.068849 4.388260 0.119173
5.111323 4.380121 0.148600
5.162094 4.413632 0.160568
5.195892 4.485737 0.132546
5.259374 4.610057 0.031667
5.254814 4.616671 0.030053
5.254814 4.616671 0.030053
5.259374 4.610057 0.031667
5.260015 4.610071 0.027585
5.259374 4.610057 0.031667
5.259374 4.610057 0.031667
5.276946 4.583614 0.042190
5.294174 4.570803 0.041807
5.322900 4.561550 0.078157
5.367833 4.567444 0.115376
5.437956 4.575343 0.164381
5.525704 4.583101 0.198393
5.626700 4.596954 0.216006
5.735733 4.609040 0.219180
5.850301 4.612227 0.205082
5.948832 4.656709 0.192741
6.055513 4.657550 0.182861
6.118501 4.685896 0.173721
6.221786 4.514472 0.156898
6.281503 4.417317 0.180161
6.329019 4.342254 0.205607
6.331084 4.222240 0.224814
6.373664 4.155889 0.255652
6.406980 4.115755 0.272923
6.427961 4.095363 0.277982
6.448011 4.087746 0.280252
6.453600 4.086834 0.284580
6.467708 4.085394 0.289208
6.497598 4.096341 0.306398
6.529809 4.159828 0.311850
6.585384 4.242303 0.306060
6.643656 4.338996 0.285802
6.713392 4.449932 0.251090
6.804248 4.574937 0.198104
6.884830 4.687603 0.159044
6.888965 4.688208 0.135700
6.893569 4.694848 0.134299
6.945209 4.698466 0.060873
6.949290 4.690977 0.062700
6.944494 4.698470 0.064738
6.943780 4.698468 0.068603
6.937028 4.691789 0.081625
6.966080 4.696135 0.096833
7.012851 4.712988 0.117358
7.086971 4.712977 0.138496
7.164945 4.777213 0.216111
7.270723 4.799265 0.179223
7.361143 4.865012 0.116290
7.443213 4.970304 0.063790
7.687336 4.694440 0.082402
7.793728 4.689561 0.079166
7.860537 4.698444 0.079242
7.868410 4.668310 0.078942
7.876187 4.652122 0.075159
7.871728 4.645570 0.068796
7.872065 4.645202 0.061131
7.872402 4.644834 0.053464
7.871324 4.630762 0.056725
7.870571 4.630832 0.060431
7.871324 4.630762 0.056725
7.871324 4.630762 0.056725
7.871324 4.630762 0.056725
7.876535 4.637231 0.059376
7.876535 4.637231 0.059376
7.876196 4.637599 0.067038
7.884778 4.636534 0.079300
7.898148 4.641623 0.090271
7.911167 4.647057 0.108908
7.931607 4.637268 0.143004
7.947912 4.648982 0.167734
7.986809 4.685102 0.176775
8.006534 4.717116 0.204254
8.021112 4.750275 0.208750
8.032425 4.791271 0.203671
8.040115 4.840602 0.196651
8.043332 4.883596 0.183109
8.035079 4.937572 0.174936
8.028152 4.968076 0.159777
8.004772 5.003088 0.151311
7.989549 5.035989 0.139446
7.973867 5.054793 0.138911
7.964855 5.056363 0.134205
7.964855 5.056363 0.134205
7.961124 5.064685 0.132242
7.960386 5.064713 0.136030
7.970196 5.077654 0.133420
7.995476 5.109410 0.111169
8.027392 5.163658 0.100221
8.081719 5.220159 0.077271
8.136659 5.277117 0.058342
8.185681 5.327952 0.052504
8.220181 5.358776 0.042710
8.230988 5.371973 0.036193
8.231750 5.371960 0.032358
8.226348 5.365071 0.029540
8.227111 5.365058 0.025705
8.227111 5.365058 0.025705
8.227111 5.365058 0.025705
8.227111 5.365058 0.025705
8.232136 5.371664 0.024359
8.232136 5.371664 0.024359
8.231373 5.371676 0.028194
8.231373 5.371676 0.028194
8.232136 5.371664 0.024359
8.232136 5.371664 0.024359
8.231373 5.371676 0.028194
8.231373 5.371676 0.028194
8.232136 5.371664 0.024359
8.232136 5.371664 0.024359
8.232136 5.371664 0.024359
8.231373 5.371676 0.028194
8.231373 5.371676 0.028194
8.232136 5.371664 0.024359
8.232136 5.371664 0.024359
8.232136 5.371664 0.024359
8.231373 5.371676 0.028194
8.232136 5.371664 0.024359
8.232136 5.371664 0.024359
8.237164 5.378273 0.023011
8.236401 5.378284 0.026848
8.236401 5.378284 0.026848
8.237164 5.378273 0.023011
8.232136 5.371664 0.024359
8.231373 5.371676 0.028194
8.231373 5.371676 0.028194
8.232136 5.371664 0.024359
8.232136 5.371664 0.024359
8.232136 5.371664 0.024359
8.232136 5.371664 0.024359
8.237164 5.378273 0.023011
8.237164 5.378273 0.023011
8.236401 5.378284 0.026848
8.236401 5.378284 0.026848
8.236401 5.378284 0.026848
8.237164 5.378273 0.023011
8.236401 5.378284 0.026848
8.236777 5.378569 0.031014
8.236777 5.378569 0.031014
8.245437 5.376967 0.043926
8.249318 5.383885 0.054418
8.252447 5.390803 0.068749
8.270309 5.417822 0.087121
8.301455 5.465569 0.129491
8.352302 5.539222 0.158525
8.404643 5.623023 0.166710
8.467854 5.745747 0.142971
8.551527 5.907355 0.104138
8.607425 6.036216 0.078982
8.682559 6.178173 0.055624
8.726971 6.252441 0.058393
8.784173 6.358662 0.054911
8.820482 6.409076 0.057809
8.805965 6.404590 0.053810
8.802485 6.414709 0.051555
8.802485 6.414709 0.051555
8.795516 6.434974 0.047039
8.795516 6.434974 0.047039
8.795516 6.434974 0.047039
8.800896 6.442203 0.045668
8.795516 6.434974 0.047039
8.800896 6.442203 0.045668
8.800896 6.442203 0.045668
8.806278 6.449436 0.044296
8.811663 6.456673 0.042924
8.816275 6.463860 0.045553
8.818977 6.453619 0.051819
8.818201 6.453551 0.055822
8.813174 6.463572 0.061579
8.821160 6.477930 0.079369
8.831865 6.481871 0.103443
8.843348 6.485831 0.123509
8.980216 6.633530 0.081774
9.046401 6.675669 0.080103
9.125748 6.674882 0.083229
9.177060 6.620046 0.093381
9.274915 6.611245 0.090902
9.355350 6.580263 0.101191
9.414120 6.566336 0.111255
9.458091 6.548264 0.112506
9.485041 6.536961 0.098639
9.500011 6.539693 0.076814
9.505701 6.517923 0.072354
9.510952 6.524615 0.066488
9.510952 6.524615 0.066488
9.511751 6.524691 0.062561
9.511751 6.524691 0.062561
9.510952 6.524615 0.066488
9.510952 6.524615 0.066488
9.505448 6.517671 0.067781
9.510952 6.524615 0.066488
9.510952 6.524615 0.066488
9.510952 6.524615 0.066488
9.532194 6.552334 0.065242
9.514452 6.704431 0.065850
9.539214 6.722147 0.071592
9.585237 6.692166 0.074715
9.624198 6.683616 0.077069
9.631859 6.661978 0.073960
9.637418 6.668987 0.072671
9.631859 6.661978 0.073960
9.631859 6.661978 0.073960
9.628830 6.672848 0.071578
9.656666 6.707984 0.065114
9.656666 6.707984 0.065114
9.656666 6.707984 0.065114
9.657469 6.708035 0.061175
9.657469 6.708035 0.061175
9.662241 6.715021 0.063820
9.662241 6.715021 0.063820
9.656091 6.708132 0.073699
9.652497 6.719213 0.079897
9.647634 6.759238 0.083989
9.648358 6.806524 0.086810
9.655283 6.890855 0.082956
9.670959 6.971952 0.080175
9.695452 7.049723 0.078482
9.733709 7.131342 0.080601
9.775383 7.202186 0.089969
9.838086 7.284022 0.089104
9.906942 7.342715 0.093242
9.915555 7.288709 0.101987
10.087121 7.455418 0.197337
10.153312 7.430766 0.209035
10.253995 7.431781 0.137257
10.319370 7.405706 0.144655
10.365640 7.431569 0.112481
10.401966 7.475970 0.110620
10.483483 7.240421 0.248504
10.509915 7.225560 0.239631
10.518706 7.188773 0.181731
10.530036 7.171615 0.171879
10.536495 7.147690 0.164197
10.534569 7.128614 0.150395
10.536082 7.128574 0.137742
10.542557 7.135436 0.127773
10.545714 7.123414 0.121536
10.563839 7.113561 0.116357
10.573716 7.108651 0.109887
10.584244 7.091606 0.108880
10.599056 7.093542 0.105101
10.599754 7.093444 0.096353
10.600452 7.093346 0.087601
10.610382 7.046020 0.107494
10.638096 6.946783 0.143531
10.594389 7.159528 0.050162
10.600194 7.166493 0.048919
10.600194 7.166493 0.048919
10.606001 7.173461 0.047676
10.596819 7.147531 0.052742
10.650767 7.167392 0.060347
10.658965 7.162286 0.061698
10.675704 7.195316 0.047587
10.897151 7.461725 0.008080
10.971031 7.547228 -0.018950
11.050472 7.640266 -0.043430
11.131880 7.628536 -0.047081
11.180836 7.685651 -0.061231
11.215006 7.741605 -0.071698
11.240184 7.770625 -0.075722
11.254071 7.785266 -0.086279
11.268058 7.800020 -0.091716
11.269905 7.800298 -0.094558
11.294745 7.795754 -0.099496
11.308813 7.810234 -0.094510
11.324481 7.764466 -0.076744
11.337821 7.685197 -0.046872
11.353942 7.580712 -0.017967
11.369037 7.476723 0.029952
11.383996 7.374171 0.062103
11.401509 7.259940 0.087811
11.416224 7.159697 0.109274
11.432665 7.048398 0.118091
11.445294 6.962544 0.116589
11.458729 6.864930 0.126456
11.467512 6.804122 0.124747
11.571241 6.898358 0.090347
11.722967 7.043644 0.043186
11.863560 6.787633 0.081064
11.922786 6.811231 0.094454
11.975628 6.840763 0.097639
12.000024 6.852456 0.096127
12.008332 6.858424 0.079123
12.014444 6.833406 0.070032
12.005986 6.808821 0.067635
12.005499 6.821292 0.061254
12.005499 6.821292 0.061254
12.005499 6.821292 0.061254
12.005499 6.821292 0.061254
12.005499 6.821292 0.061254
11.999744 6.815255 0.062319
12.005499 6.821292 0.061254
11.999744 6.815255 0.062319
11.999744 6.815255 0.062319
12.065747 6.881722 0.039663
12.059968 6.875660 0.040735
12.008064 6.821195 0.050363
12.008064 6.821195 0.050363
12.008064 6.821195 0.050363
12.008064 6.821195 0.050363
12.008064 6.821195 0.050363
12.002323 6.815229 0.056446
12.002323 6.815229 0.056446
12.008089 6.821333 0.060400
12.015189 6.814932 0.067113
12.016523 6.802523 0.079906
12.036384 6.795662 0.097314
12.069233 6.800262 0.115618
12.073233 6.788769 0.176999
12.124438 6.830285 0.187785
12.177036 6.884119 0.180155
12.240974 6.937639 0.170244
12.294871 6.991713 0.148801
12.313964 7.016030 0.152603
12.464553 7.161173 0.074024
12.547910 7.246771 0.050509
12.628187 7.359957 0.038770
12.705625 7.474260 0.041680
12.794788 7.602108 0.051515
12.683288 7.516734 0.077438
12.694396 7.529238 0.079029
12.695398 7.543119 0.068702
12.695398 7.543119 0.068702
12.695251 7.543252 0.079205
12.683158 7.765893 0.005708
