0.822479 2.103426 0.888972
0.832085 2.146229 0.891728
0.840093 2.181822 0.896118
0.849859 2.224776 0.898951
0.854516 2.245447 0.910762
0.862640 2.280738 0.919448
0.867432 2.301274 0.931372
0.877506 2.344300 0.934411
0.884270 2.373030 0.936459
0.892755 2.408759 0.941151
0.906388 2.443212 0.946926
0.924760 2.475657 0.951476
0.937378 2.523355 0.962152
1.100529 2.516727 1.196737
1.112892 2.544162 1.200695
1.124001 2.545920 1.205377
1.138165 2.580673 1.197435
1.150939 2.589530 1.194267
1.169466 2.620945 1.186946
1.187679 2.651918 1.177161
1.208861 2.672499 1.167787
1.500079 2.508016 1.315216
1.537947 2.512553 1.308113
1.576155 2.516831 1.297119
1.618122 2.517172 1.288186
1.667291 2.521282 1.277269
1.764023 2.658220 1.222019
1.816773 2.655331 1.184588
1.858901 2.651700 1.136611
1.887982 2.658065 1.073345
1.900485 2.648845 1.000789
1.893237 2.647668 0.937028
1.877174 2.653483 0.864958
1.916996 2.607879 0.872121
1.915672 2.600264 0.861763
1.803121 2.681783 0.775655
1.828860 2.671514 0.782005
1.857757 2.675735 0.794664
1.889065 2.687155 0.805832
1.932271 2.716519 0.809332
1.964816 2.776625 0.810675
2.011899 2.832077 0.811733
2.054135 2.884570 0.810997
2.087445 2.931942 0.797458
2.109126 2.999125 0.791903
2.126291 3.051608 0.785324
2.138177 3.089288 0.785820
2.150923 3.127414 0.785030
2.160715 3.157709 0.783001
2.165459 3.172886 0.784024
2.173413 3.195675 0.775361
2.175303 3.203283 0.781997
2.683348 2.736469 0.991129
2.688815 2.706208 1.033138
2.695851 2.693768 1.067736
2.704203 2.680379 1.080403
2.694773 2.654604 1.102871
2.656316 2.645864 1.125630
2.547839 2.547601 1.197810
2.491439 2.563213 1.198796
2.442526 2.628155 1.197511
2.370103 2.665886 1.203194
2.349276 2.664233 1.250215
2.286877 2.513732 1.338246
2.063002 2.683281 1.292216
2.100533 2.653980 1.283989
1.956119 2.789650 1.270077
1.968873 2.827437 1.279579
1.986834 2.848764 1.273323
1.779017 3.100614 1.276334
1.756444 3.171948 1.279141
1.733640 3.204621 1.284456
1.765546 3.387253 1.265494
1.767140 3.428560 1.273955
1.772747 3.485941 1.281220
1.766427 3.496083 1.299161
1.822596 3.714129 1.320292
1.838935 3.765716 1.344827
1.855704 3.817303 1.361276
1.872189 3.847587 1.374120
1.918937 3.976229 1.249881
1.933627 4.006295 1.259623
1.957247 4.026792 1.260953
1.981404 4.022460 1.284828
2.020328 4.001519 1.273364
2.080989 3.990733 1.249217
2.255523 4.364921 1.181716
2.292846 4.403807 1.134943
2.368337 4.417090 1.109234
2.410047 4.436452 1.111299
2.447606 4.453085 1.086940
2.480813 4.468268 1.099402
2.530173 4.488119 1.064926
2.829307 4.155035 1.012547
2.858931 4.145881 1.014456
2.878997 4.146485 1.007294
2.896835 4.159532 0.987524
2.916889 4.179900 0.960166
2.928673 4.196564 0.922826
2.937225 4.205278 0.898282
2.944709 4.237912 0.921871
2.910122 4.303272 0.933013
2.929234 4.344628 0.875441
2.930922 4.352917 0.890787
2.929285 4.352800 0.911815
2.883794 4.431242 0.979192
2.880121 4.423024 0.988970
2.885518 4.439838 0.994568
2.891694 4.420644 0.994754
2.896403 4.415049 0.988388
2.908621 4.412533 0.985792
2.916781 4.415527 0.981179
2.934317 4.408277 0.990042
2.945308 4.419901 0.995573
2.966651 4.421124 1.002027
2.926666 4.468828 0.958130
2.950784 4.463152 0.949794
2.969900 4.462940 0.952076
2.995198 4.457816 0.945828
3.019888 4.452470 0.948038
3.055938 4.458265 0.944200
3.107958 4.498021 0.899875
3.150325 4.499067 0.906672
3.200498 4.502934 0.924734
3.251432 4.506587 0.934471
3.307803 4.505331 0.963309
3.352198 4.449098 0.968201
3.396789 4.450197 0.991482
3.512356 4.594298 1.005010
3.562727 4.646173 1.018621
3.614033 4.684115 1.043031
3.670806 4.680855 1.091858
3.701226 4.654778 1.124697
4.036419 4.299819 1.244615
4.057115 4.240252 1.316852
4.095016 4.223220 1.327715
4.106236 4.187327 1.362146
4.108265 4.161680 1.373223
4.109282 4.148713 1.375191
4.109639 4.135198 1.370763
4.110676 4.121554 1.358523
4.110021 4.120609 1.345028
4.124461 4.117620 1.347572
4.152871 4.102845 1.326958
4.173080 4.086081 1.306525
4.189447 4.088899 1.292014
4.218240 4.087529 1.275094
4.247770 4.086359 1.257471
4.258390 4.106476 1.222422
4.279863 4.102406 1.183499
4.307393 4.125843 1.144000
4.322561 4.153650 1.106710
4.342410 4.175475 1.063091
4.360988 4.210845 1.028195
4.370397 4.258303 0.998198
4.368885 4.298626 0.993868
4.387840 4.336244 0.990998
4.435720 4.326253 1.014941
4.468547 4.346762 1.030029
4.506450 4.347939 1.052501
4.555187 4.323688 1.071502
4.587888 4.283245 1.092915
4.635709 4.258264 1.105221
4.688708 4.227830 1.125223
4.742345 4.183849 1.140193
4.803430 4.154402 1.160109
4.856717 4.124113 1.186701
4.903443 4.066992 1.216992
4.945790 4.016069 1.249448
5.082051 4.159576 1.317741
5.128622 4.160220 1.354007
5.175604 4.147723 1.392232
5.213931 4.146334 1.414252
5.243685 4.156127 1.420140
5.280798 4.179361 1.424593
5.318031 4.215361 1.423407
5.363224 4.239578 1.438889
5.413663 4.270522 1.449400
5.490061 4.263851 1.469719
5.549260 4.268593 1.488043
5.625207 4.286893 1.504794
5.697675 4.297374 1.511698
5.774688 4.300511 1.512588
5.838812 4.295842 1.510875
5.928317 4.324099 1.531468
5.992407 4.330727 1.517401
6.052956 4.330611 1.504008
6.090954 4.336149 1.489743
6.146262 4.302669 1.488440
6.223816 4.307680 1.445098
6.280057 4.313026 1.438167
6.324519 4.338279 1.427946
6.381328 4.342902 1.417513
6.432835 4.365595 1.382796
6.484680 4.375964 1.367856
6.533173 4.393097 1.351720
6.585131 4.402948 1.336815
6.637276 4.399762 1.331150
6.693368 4.402089 1.317485
6.750206 4.404257 1.303841
6.810834 4.399442 1.298695
6.859068 4.428499 1.287974
6.927974 4.421882 1.279666
7.001335 4.420983 1.270584
7.065816 4.407358 1.267017
7.129668 4.393386 1.267144
7.197660 4.385479 1.273733
7.265919 4.390739 1.285561
7.326700 4.409624 1.287783
7.387728 4.428437 1.293780
7.526222 4.564143 1.297830
7.593103 4.601808 1.301195
7.631152 4.728190 1.293808
7.695699 4.787695 1.293921
7.750900 4.848992 1.300853
7.802085 4.904131 1.305099
7.849541 4.967127 1.304240
7.892938 5.024050 1.300612
7.931304 5.075189 1.305355
7.962769 5.142670 1.299930
7.988991 5.204264 1.298962
8.006911 5.268459 1.301437
8.016711 5.334777 1.295779
8.021111 5.395101 1.294613
8.027653 5.432414 1.304706
8.062736 5.385516 1.312220
8.076943 5.351484 1.321300
7.939649 5.615444 1.209373
7.928019 5.586361 1.217293
7.903307 5.552683 1.221825
7.887724 5.516932 1.219086
7.775504 5.640408 1.262676
7.712611 5.635592 1.237862
7.637797 5.641861 1.231285
7.597564 5.838887 1.176989
7.586823 5.880537 1.158390
7.596516 5.967628 1.141307
7.610281 6.046663 1.125507
7.504953 5.957240 1.171825
7.513589 5.997389 1.158314
7.157197 5.512151 1.215320
7.100818 5.472675 1.223728
7.054970 5.432079 1.221027
7.022494 5.382228 1.212340
7.002330 5.323417 1.205350
6.931871 5.203952 1.214360
6.924079 5.138498 1.231839
6.926840 5.087469 1.243533
6.933940 5.043846 1.261755
6.935920 5.008121 1.286128
6.951705 4.978399 1.306066
6.963096 4.956646 1.332175
6.979561 4.941576 1.353602
6.991728 4.933772 1.370046
7.002833 4.911829 1.392222
7.015250 4.903704 1.401172
7.028429 4.909994 1.411815
7.036508 4.909702 1.427003
7.045455 4.923230 1.432751
7.058150 4.929518 1.447110
7.066820 4.943371 1.460311
7.084331 4.956525 1.477608
7.097352 4.977317 1.497469
7.114103 4.990797 1.525942
7.140313 5.017765 1.556616
7.157720 5.045518 1.583265
7.179814 5.079947 1.609215
7.210926 5.113003 1.628136
7.238107 5.153897 1.646033
7.269650 5.186710 1.657619
7.293334 5.220443 1.657707
7.321352 5.260999 1.660765
7.340292 5.287907 1.657798
7.360513 5.329660 1.649256
7.376371 5.364531 1.633860
7.386920 5.392491 1.619026
7.398905 5.435807 1.602353
7.406014 5.472230 1.582484
7.407874 5.501934 1.567063
7.415633 5.538944 1.547153
7.417514 5.568919 1.531591
7.428830 5.597892 1.516494
7.430734 5.628099 1.500808
7.441097 5.641600 1.483710
7.443653 5.672263 1.468048
7.450063 5.694315 1.449616
7.461356 5.723505 1.430274
7.476666 5.744261 1.412127
7.483792 5.766806 1.393661
7.499161 5.787668 1.375409
7.514208 5.808805 1.364941
7.525813 5.838662 1.349286
7.536512 5.852766 1.335796
7.551638 5.874040 1.325237
7.566432 5.895576 1.322536
7.581250 5.917146 1.319832
7.596612 5.938776 1.313258
7.612001 5.960440 1.306674
7.626892 5.982118 1.303950
7.642177 6.003620 1.293281
7.653536 6.034087 1.281209
7.664417 6.048451 1.267517
7.688295 6.053020 1.275903
7.703683 6.074645 1.265165
7.708691 6.081928 1.264241
7.714086 6.089017 1.255329
7.715007 6.105130 1.248889
7.716623 6.121497 1.242653
7.718088 6.137690 1.232288
7.715765 6.163210 1.224598
7.716692 6.179477 1.218097
7.713824 6.205110 1.214282
7.715295 6.221474 1.203833
7.721980 6.245503 1.196544
7.729623 6.286079 1.182655
7.741258 6.317581 1.170167
7.763099 6.364226 1.155663
7.785422 6.410935 1.132921
7.816670 6.456362 1.122961
7.854376 6.526704 1.109428
7.900979 6.595665 1.104592
7.970955 6.668853 1.112393
8.011960 6.730912 1.125252
8.081427 6.804449 1.145682
8.130609 6.847015 1.166244
8.166123 6.856057 1.203382
8.208586 6.872771 1.227596
8.308173 6.966688 1.214566
8.348994 6.964725 1.237194
8.408875 6.993565 1.272053
8.434561 6.967895 1.285111
8.598620 7.160937 1.291651
8.647622 7.183576 1.294380
8.726527 7.252208 1.307276
8.761075 7.269533 1.305865
8.801677 7.294486 1.295064
8.831305 7.303783 1.286064
8.858016 7.324043 1.271474
8.882737 7.325539 1.259368
8.894296 7.340876 1.244480
8.916094 7.353244 1.222204
8.923835 7.360818 1.187036
8.935671 7.357478 1.149433
8.925310 7.322996 1.115695
8.927494 7.322758 1.081406
8.935914 7.300176 1.050025
8.951738 7.285732 1.005564
8.952511 7.284904 0.974774
8.970941 7.290269 0.950211
9.049819 7.025436 0.939286
9.063422 7.040194 0.921504
9.102762 6.950061 0.939995
9.115045 6.964566 0.930215
9.133453 6.986434 0.910942
9.161517 6.994748 0.914463
9.258502 6.804572 0.809589
9.314409 6.790665 0.829816
9.360944 6.761883 0.831396
9.404814 6.743637 0.827269
9.450029 6.725531 0.819968
9.494328 6.706911 0.812100
9.535532 6.699013 0.806925
9.561361 6.703160 0.778248
9.630797 6.713394 0.773645
9.675077 6.740872 0.787922
9.710655 6.743568 0.814601
9.740450 6.768365 0.851226
9.766639 6.774578 0.876318
9.781446 6.795852 0.903205
9.797173 6.788097 0.926410
9.821270 6.776123 0.945925
9.837547 6.768162 0.960716
9.854430 6.760039 0.967138
9.839012 6.901510 0.911705
9.858609 6.911166 0.906118
9.875958 6.931841 0.890181
9.896064 6.970775 0.871320
9.912672 7.021071 0.854310
9.923077 7.064630 0.846726
9.936322 7.126915 0.836169
9.992721 6.990319 0.901292
10.005409 7.022473 0.904214
10.088177 6.802469 0.955085
10.115284 6.807306 0.963554
10.134770 6.816595 0.967299
10.154220 6.825638 0.966451
10.181969 6.830362 0.971187
10.202102 6.839396 0.966582
10.222211 6.848198 0.957358
10.252829 6.811541 0.951071
10.267332 6.813722 0.947392
10.279190 6.826968 0.937192
10.293665 6.828893 0.928887
10.305541 6.842143 0.918664
10.314408 6.837341 0.911267
10.320721 6.844124 0.906580
10.327002 6.850678 0.897250
10.330252 6.839160 0.890776
10.335865 6.845852 0.889854
10.344759 6.841251 0.887104
10.352232 6.836466 0.891894
10.362999 6.820626 0.899495
10.375551 6.793120 0.908139
10.391862 6.783917 0.914814
10.409960 6.763266 0.927154
10.427304 6.742519 0.943202
10.450876 6.728376 0.954609
10.475085 6.714252 0.962292
10.501652 6.717791 0.970928
10.522619 6.715006 0.985066
10.543538 6.711921 0.994583
10.567530 6.697504 1.002290
10.585973 6.705654 1.009935
10.610981 6.708924 1.030621
10.637516 6.741192 1.038434
10.653596 6.760693 1.044252
10.662448 6.785084 1.040712
10.660100 6.796581 1.038841
10.660110 6.796066 1.029543
10.653041 6.829785 1.009950
10.653888 6.816238 0.996095
10.657213 6.820434 0.987952
10.653315 6.816538 0.983698
10.575189 6.685840 1.012508
10.583986 6.653927 1.022441
10.583950 6.643750 1.057306
10.577777 6.787916 1.281812
10.592299 6.778341 1.300248
10.614795 6.763563 1.314989
10.630952 6.742475 1.338685
10.666671 6.699438 1.344782
10.764689 6.738350 1.333340
10.824577 6.738200 1.351753
10.878823 6.759839 1.360214
10.963798 6.807707 1.328144
11.067132 6.662778 1.394096
11.144778 6.655748 1.430431
11.231385 6.671290 1.454569
11.326370 6.680307 1.472748
11.346262 6.639466 1.515214
11.422469 6.652358 1.512280
11.516444 6.676619 1.463882
11.635908 6.729053 1.416954
11.715084 6.793322 1.365577
11.771947 6.858399 1.294031
11.797379 6.930544 1.206582
11.802770 6.997887 1.135298
11.802090 6.992060 1.111047
11.780112 6.949135 1.091823
11.731260 7.171783 0.957272
11.701323 7.096709 0.973195
11.659522 7.009565 0.989358
11.627824 6.898262 0.917088
11.676555 6.929737 0.942566
11.601856 6.814007 0.987572
11.559080 7.378084 0.835258
11.593479 7.417345 0.833697
11.536211 7.333027 0.814532
11.582159 7.353346 0.800280
11.402408 7.108499 0.831307
11.418009 7.053353 0.837376
11.448984 7.029503 0.833881
11.481468 6.993576 0.842243
11.517891 6.975783 0.837963
11.557377 6.976451 0.839224
11.591803 6.970744 0.837734
11.625394 6.964857 0.839900
11.657948 6.971352 0.841194
11.682463 6.983750 0.839965
11.708478 6.983861 0.845765
11.731406 7.008588 0.842409
11.750178 7.014696 0.842043
11.767404 7.033254 0.839526
11.779745 7.045520 0.829328
11.790487 7.070490 0.821842
11.802771 7.082948 0.816521
11.819430 7.114114 0.803230
11.831751 7.126622 0.797886
11.847723 7.157901 0.788172
11.872451 7.183034 0.777437
11.900725 7.214376 0.776769
11.929825 7.245813 0.772448
11.963835 7.283840 0.780872
12.003870 7.328133 0.783489
12.038912 7.366244 0.783324
12.067373 7.398038 0.787703
12.102143 7.423140 0.802201
12.120447 7.442356 0.801008
12.117226 7.422939 0.801840
12.129620 7.435697 0.801530
12.146372 7.454816 0.807689
12.158169 7.467546 0.805990
12.169811 7.480317 0.809357
12.188471 7.499412 0.798078
12.201073 7.512172 0.792713
12.219002 7.531313 0.785064
12.243662 7.556876 0.772870
12.261640 7.576048 0.765185
12.265380 7.582260 0.770270
