0.840935 1.494249 1.447504
0.857104 1.523087 1.448387
0.873731 1.552313 1.451485
0.892762 1.571976 1.452520
0.913578 1.598398 1.452387
0.926379 1.629972 1.449090
0.939239 1.661629 1.445796
0.956807 1.691272 1.447479
0.970010 1.723542 1.450260
0.985570 1.763001 1.450328
0.994592 1.797972 1.450405
1.004026 1.833411 1.452769
1.017618 1.865956 1.451845
1.032689 1.905225 1.447448
1.042265 1.941026 1.449877
1.059662 1.970548 1.447219
1.071311 1.996060 1.445250
1.084675 2.028789 1.445937
1.100825 2.051724 1.446849
1.122182 2.078015 1.442433
1.138262 2.100519 1.437176
1.211637 2.086803 1.467291
1.221225 2.122166 1.461409
1.230849 2.157658 1.455506
1.246716 2.197122 1.445087
1.265018 2.226831 1.442646
1.352124 2.201171 1.442490
1.361999 2.236793 1.440427
1.391791 2.255613 1.436341
1.439366 2.261729 1.431655
1.487156 2.268116 1.437165
1.583699 2.252515 1.475204
1.594288 2.287784 1.473315
1.611444 2.326753 1.467016
1.652457 2.339019 1.466453
1.742656 2.321847 1.482538
1.756193 2.363911 1.475778
1.769789 2.406154 1.468990
1.855454 2.389607 1.471043
1.873833 2.428050 1.461071
1.932772 2.442286 1.461787
1.949388 2.491448 1.453902
1.966682 2.541051 1.444702
1.993993 2.573127 1.446177
2.088926 2.558298 1.463722
2.103733 2.600550 1.457028
2.115895 2.636006 1.455267
2.132618 2.667722 1.450296
2.141318 2.707820 1.453112
2.155789 2.733014 1.455741
2.159377 2.758610 1.454356
2.164553 2.773376 1.458606
2.163260 2.785141 1.465972
2.164480 2.804116 1.472235
2.165914 2.823030 1.474644
2.147613 2.850606 1.482114
2.141734 2.866440 1.492768
2.144393 2.874131 1.498192
2.184698 2.858394 1.510297
2.168883 2.893372 1.516747
2.163537 2.927357 1.518089
2.155994 2.954475 1.523199
2.155877 2.985303 1.526657
2.161947 3.019049 1.524327
2.166057 3.045689 1.521878
2.168692 3.071763 1.519153
2.164346 3.094972 1.527409
2.196656 3.222400 1.489925
2.192507 3.245460 1.483600
2.188904 3.268810 1.476037
2.187794 3.300346 1.478007
2.183595 3.323654 1.471628
2.177969 3.359607 1.472914
2.177007 3.391429 1.470897
2.192803 3.457648 1.465071
2.187103 3.494215 1.466356
2.180775 3.510991 1.470636
2.240651 3.489243 1.498421
2.248258 3.512637 1.499057
2.254308 3.548530 1.500691
2.263152 3.592770 1.508056
2.269237 3.628963 1.509728
2.280224 3.675385 1.534197
2.302013 3.759682 1.533348
2.303749 3.800989 1.530364
2.310097 3.837936 1.528076
2.319289 3.883452 1.531630
2.330134 3.916150 1.534143
2.353003 3.947745 1.536984
2.376485 3.979613 1.538681
2.401483 3.998387 1.543405
2.432208 4.033356 1.541856
2.492693 4.137216 1.531082
2.527709 4.146065 1.533296
2.562470 4.154471 1.532567
2.592611 4.167639 1.531114
2.632441 4.170820 1.527074
2.667796 4.179087 1.529408
2.722053 4.167342 1.534790
2.753069 4.180187 1.532364
2.776111 4.189877 1.538461
2.838319 4.160550 1.558614
2.856749 4.175021 1.564005
2.872435 4.181358 1.566413
2.890926 4.195771 1.571831
2.911566 4.196937 1.570963
2.926990 4.202902 1.570371
2.946001 4.217092 1.567717
2.961691 4.222934 1.563086
2.980349 4.236459 1.550295
3.000145 4.236598 1.540327
3.015585 4.242082 1.532638
3.037860 4.264140 1.528945
3.050601 4.261777 1.525398
3.073091 4.249305 1.526516
3.133867 4.182418 1.540775
3.139118 4.177434 1.540610
3.154660 4.182631 1.532997
3.199763 4.129938 1.525551
3.211168 4.139979 1.509149
3.211168 4.139979 1.509149
3.255229 4.182119 1.503869
3.273027 4.174560 1.504302
3.305985 4.172050 1.505164
3.340476 4.156750 1.514986
3.431038 4.083996 1.505679
3.479151 4.099330 1.510437
3.507893 4.101653 1.513655
3.536344 4.103576 1.513802
3.557194 4.103358 1.517275
3.581068 4.110403 1.516633
3.609924 4.112393 1.519924
3.638808 4.114289 1.523236
3.663137 4.121762 1.532813
3.690878 4.136749 1.541407
3.719619 4.138771 1.555792
3.747413 4.153241 1.557378
3.811589 4.124229 1.566322
3.835739 4.130560 1.565819
3.859920 4.136824 1.565325
3.887581 4.150160 1.556793
3.915324 4.163768 1.555333
3.935299 4.175267 1.550112
3.967742 4.183249 1.549507
3.992411 4.189476 1.552229
4.025546 4.197881 1.558001
4.049986 4.203981 1.564684
4.082905 4.212207 1.574431
4.115864 4.220311 1.584210
4.156651 4.242374 1.570114
4.193054 4.256991 1.568712
4.247595 4.248126 1.560424
4.284456 4.262316 1.555168
4.321398 4.276366 1.549935
4.367544 4.279126 1.553594
4.418307 4.275882 1.558171
4.468245 4.285800 1.568107
4.522530 4.289311 1.575721
4.572659 4.298295 1.578647
4.626663 4.314251 1.580708
4.685043 4.323663 1.580437
4.739611 4.338919 1.578772
4.798211 4.347593 1.578621
4.861404 4.363334 1.577087
4.915721 4.377270 1.576158
4.970755 4.391162 1.574775
5.021248 4.397664 1.582018
5.076023 4.411300 1.591763
5.122488 4.424701 1.619244
5.168980 4.437861 1.646797
5.214919 4.450519 1.674851
5.260875 4.461940 1.685250
5.303284 4.465713 1.685551
5.341268 4.487943 1.661711
5.388562 4.497313 1.635854
5.435589 4.506465 1.613782
5.491555 4.529687 1.589602
5.547438 4.539504 1.578269
5.598498 4.555865 1.577033
5.658682 4.572994 1.582861
5.718337 4.589448 1.589095
5.770111 4.605535 1.594970
5.826068 4.614352 1.598413
5.881608 4.636460 1.603867
5.933136 4.651038 1.602944
5.984949 4.665660 1.605576
6.032115 4.673152 1.612843
6.071087 4.680394 1.616226
6.110077 4.687471 1.619643
6.152747 4.687173 1.624292
6.187406 4.687105 1.628576
6.222371 4.700279 1.623805
6.256837 4.699613 1.624592
6.291501 4.698477 1.618113
6.326340 4.710937 1.609833
6.361023 4.709526 1.603384
6.396121 4.707980 1.593234
6.431018 4.705960 1.579528
6.470558 4.710821 1.568610
6.505247 4.708848 1.562239
6.549180 4.706613 1.556024
6.596706 4.710792 1.556445
6.644870 4.715051 1.556823
6.696512 4.711541 1.558392
6.744220 4.715274 1.562559
6.791918 4.718755 1.566773
6.844132 4.728501 1.570247
6.895911 4.737963 1.577440
6.948141 4.747127 1.581022
6.996358 4.763373 1.583579
7.053195 4.778442 1.586502
7.105619 4.800649 1.592047
7.167590 4.821536 1.590690
7.220414 4.842869 1.588998
7.264874 4.865467 1.590714
7.317808 4.886360 1.589095
7.358462 4.916309 1.589776
7.407621 4.944546 1.587102
7.444040 4.967579 1.581189
7.483915 4.982713 1.580061
7.519482 5.005537 1.581456
7.547457 5.029805 1.575187
7.573922 5.040360 1.585701
7.600719 5.050526 1.588799
7.568611 5.166400 1.584067
7.591551 5.184484 1.582199
7.613585 5.187943 1.582246
7.630833 5.184833 1.583053
7.649024 5.196290 1.581953
7.670089 5.185004 1.583929
7.683000 5.175320 1.581843
7.696744 5.179872 1.574006
7.709641 5.170149 1.571936
7.718105 5.168175 1.568507
7.693234 5.239498 1.547151
7.701725 5.237535 1.543708
7.705543 5.229368 1.544893
7.705682 5.229697 1.548755
7.643403 5.130671 1.553273
7.648316 5.137449 1.556353
7.647833 5.137454 1.560003
7.656090 5.136187 1.567902
7.655396 5.136807 1.582869
7.660173 5.143275 1.582122
7.668425 5.141995 1.590017
7.676544 5.140397 1.594073
7.681193 5.146538 1.589493
7.689920 5.145244 1.593744
7.694705 5.151700 1.593003
7.708087 5.156528 1.592676
7.708087 5.156528 1.592676
7.716680 5.154888 1.593093
7.721471 5.161340 1.592352
7.726265 5.167794 1.591611
7.730190 5.160002 1.596618
7.734985 5.166451 1.595879
7.739782 5.172903 1.595141
7.753174 5.177680 1.594824
7.761637 5.175675 1.591394
7.771248 5.188571 1.589914
7.789944 5.199776 1.585215
7.803349 5.204498 1.584904
7.826525 5.222422 1.586987
7.839940 5.227107 1.586684
7.866776 5.236426 1.586084
7.889267 5.239253 1.582590
7.916601 5.248456 1.578371
7.938222 5.251460 1.586067
7.965069 5.260526 1.585508
7.996786 5.275939 1.584227
8.020071 5.293559 1.586406
8.041574 5.296010 1.590239
8.064777 5.313249 1.588522
8.083110 5.324055 1.587536
8.092897 5.336889 1.586079
8.137048 5.394786 1.579508
8.133396 5.403331 1.578296
8.143236 5.416248 1.576830
8.139584 5.424817 1.575615
8.139584 5.424817 1.575615
8.140856 5.439873 1.573663
8.136698 5.448421 1.576104
8.136698 5.448421 1.576104
8.137971 5.463518 1.574150
8.137971 5.463518 1.574150
8.134813 5.472176 1.569266
8.134813 5.472176 1.569266
8.127486 5.489420 1.566821
8.127380 5.489091 1.562853
8.132822 5.495670 1.558436
8.132822 5.495670 1.558436
8.129048 5.503982 1.553235
8.130828 5.519234 1.547574
8.127158 5.527899 1.546337
8.128941 5.543191 1.540661
8.140361 5.518389 1.560307
8.140867 5.518400 1.556638
8.147101 5.540195 1.553911
8.202231 5.612643 1.541997
8.203562 5.628047 1.539991
8.208450 5.634380 1.535217
8.204289 5.643169 1.537652
8.209789 5.649825 1.533202
8.216124 5.671942 1.530425
8.218502 5.687502 1.520997
8.214754 5.696100 1.515687
8.224763 5.709444 1.514156
8.226541 5.724777 1.504354
8.233438 5.747124 1.497810
8.238978 5.753853 1.493319
8.250308 5.782704 1.485630
8.262288 5.811948 1.478257
8.268823 5.834760 1.479463
8.276683 5.873231 1.474488
8.289206 5.918928 1.476552
8.301779 5.964851 1.478628
8.312953 5.994882 1.482823
8.334354 6.038799 1.485458
8.354869 6.066685 1.486448
8.376313 6.110632 1.484957
8.402058 6.145635 1.485173
8.427332 6.180671 1.489190
8.456330 6.206513 1.498748
8.476003 6.234609 1.507391
8.567906 6.344525 1.499663
8.597124 6.370442 1.509380
8.626370 6.396339 1.519137
8.655599 6.421986 1.524683
8.684327 6.447554 1.534060
8.717119 6.463248 1.541002
8.750957 6.478756 1.536084
8.783766 6.494274 1.543069
8.813647 6.519562 1.540629
8.838269 6.537771 1.538952
8.866362 6.546111 1.542945
8.890470 6.564165 1.545091
8.913791 6.565400 1.546064
8.942397 6.573371 1.541991
8.958912 6.594366 1.531600
8.970134 6.608559 1.526279
8.981350 6.622541 1.516613
8.987806 6.629749 1.508231
8.999603 6.643821 1.494725
9.005499 6.650762 1.485786
9.008625 6.668261 1.475959
9.015660 6.675309 1.459361
9.022159 6.682480 1.450944
9.028649 6.689484 1.438141
9.037922 6.686123 1.430604
9.044423 6.693124 1.417786
9.059078 6.696865 1.409448
9.068923 6.693486 1.398093
9.086916 6.686951 1.395639
9.104296 6.680227 1.392607
9.130937 6.670302 1.390858
9.151567 6.653244 1.393729
9.180222 6.632771 1.401089
9.206147 6.622773 1.407567
9.229289 6.595355 1.420092
9.249711 6.578136 1.422963
9.274887 6.567767 1.428825
9.286662 6.554112 1.435383
9.306964 6.536796 1.438256
9.403205 6.560179 1.454165
9.411131 6.556732 1.463014
9.418477 6.553064 1.471200
9.426392 6.549604 1.480037
9.428914 6.539344 1.489608
9.433714 6.546299 1.496990
9.433128 6.546461 1.505109
9.441614 6.542824 1.505814
9.447001 6.549610 1.505082
9.457782 6.563191 1.503617
9.466262 6.559524 1.504325
9.477630 6.573135 1.499132
9.488447 6.586535 1.493258
9.494432 6.593373 1.488788
9.500420 6.600208 1.484316
9.506412 6.607042 1.479843
9.517258 6.620492 1.473940
9.556124 6.538524 1.464307
9.564491 6.562565 1.457622
9.572289 6.586617 1.454651
9.593976 6.613696 1.451662
9.607258 6.644673 1.447925
9.623567 6.665287 1.450114
9.642294 6.675170 1.457550
9.664107 6.702406 1.454564
9.679877 6.723014 1.460528
9.699247 6.732707 1.459791
9.710192 6.746359 1.458302
9.726602 6.767066 1.460540
9.736975 6.780684 1.462803
9.747924 6.794584 1.465798
9.755383 6.819130 1.466564
9.766354 6.833074 1.469570
9.776734 6.846958 1.476343
9.784202 6.871831 1.481625
9.794641 6.885554 1.483913
9.799526 6.892584 1.491448
9.810532 6.906594 1.494489
9.829376 6.916396 1.502068
9.839846 6.930142 1.504374
9.859293 6.939986 1.508204
9.878142 6.949727 1.515810
9.897641 6.959319 1.515133
9.924881 6.964740 1.523529
9.950532 6.981227 1.518388
9.983973 6.993279 1.517793
10.011835 6.998345 1.517927
10.045924 7.010086 1.509039
10.074362 7.015059 1.505439
10.102175 7.019866 1.505605
10.127936 7.035838 1.495927
10.157025 7.040473 1.484022
10.185488 7.044936 1.475875
10.208946 7.042572 1.464710
10.235031 7.028703 1.455124
10.257745 7.026314 1.452334
10.283118 7.012213 1.446532
10.308364 6.998236 1.445350
10.335502 6.972667 1.449487
10.361842 6.947168 1.461931
10.393588 6.928468 1.478240
10.427807 6.898041 1.491499
10.467439 6.874078 1.504047
10.502042 6.843270 1.509026
10.548235 6.825385 1.509009
10.589412 6.800640 1.501492
10.628160 6.786889 1.487884
10.682481 6.763101 1.480696
10.731979 6.761824 1.470426
10.816282 6.786906 1.465956
10.869186 6.761967 1.467217
10.921069 6.736845 1.476746
10.971323 6.792903 1.466132
11.041822 6.803455 1.478695
11.091058 6.788782 1.486769
11.140078 6.773794 1.494885
11.192499 6.776366 1.500796
11.225529 6.855400 1.500807
11.274861 6.839597 1.505510
11.314943 6.840703 1.498297
11.356638 6.829921 1.497425
11.398192 6.818916 1.496593
11.432064 6.813758 1.499500
11.465192 6.808405 1.505966
11.492378 6.808715 1.499699
11.519109 6.797061 1.510346
11.536692 6.790989 1.525791
11.562258 6.791196 1.531291
11.593550 6.797093 1.531487
11.622516 6.814882 1.533574
11.647974 6.814847 1.539116
11.674230 6.814571 1.536454
11.692551 6.874883 1.525633
11.718173 6.874479 1.526484
11.738797 6.868074 1.524450
11.764533 6.867323 1.520570
11.786591 6.848595 1.520210
11.817444 6.853997 1.525253
11.849251 6.846810 1.530690
11.879990 6.851986 1.535768
11.903653 6.863458 1.539811
11.928042 6.862542 1.548986
11.951222 6.873672 1.551754
11.974840 6.885005 1.555835
11.998673 6.896107 1.555149
12.016875 6.901308 1.555049
12.039160 6.924963 1.557513
12.056064 6.942584 1.555769
12.069526 6.941713 1.547990
12.086449 6.959334 1.546238
12.100284 7.014720 1.535990
12.112524 7.026424 1.526496
12.124773 7.038137 1.516989
12.136125 7.049991 1.515798
12.154079 7.067657 1.505672
12.164243 7.092249 1.502764
12.175634 7.104154 1.501562
12.179900 7.123060 1.504107
12.197021 7.140974 1.502304
12.207521 7.153045 1.509478
12.224670 7.170989 1.507680
12.234713 7.196017 1.509645
12.251220 7.213963 1.511357
12.261756 7.226087 1.518565
12.273234 7.238109 1.517370
12.278976 7.244124 1.516773
12.290466 7.256159 1.515578
12.307459 7.274399 1.518693
12.318831 7.299414 1.507334
12.331436 7.298424 1.507866
12.348362 7.329722 1.500801
12.365693 7.347894 1.498991
12.377950 7.360087 1.494256
12.401106 7.384367 1.491835
12.418494 7.402600 1.490018
12.440739 7.427022 1.496092
