0.411929 1.353363 0.087502
0.456159 1.447992 0.041357
0.534119 1.558614 0.044704
0.577869 1.462320 0.090297
0.648344 1.419581 0.120724
0.766596 2.017678 0.036989
0.825552 2.093118 0.055133
0.859284 2.167912 0.059942
0.857102 2.196141 0.036571
0.864288 2.226394 0.030629
0.857001 2.239879 0.024370
0.851673 2.242215 0.018621
0.845837 2.237962 0.019873
0.847304 2.245046 0.011101
0.841971 2.247377 0.005351
0.843433 2.254473 -0.003440
0.841790 2.246977 -0.001316
0.843648 2.254124 -0.014336
0.846835 2.276009 -0.010490
0.847223 2.276079 -0.014726
0.834044 2.208846 -0.012437
0.834044 2.208846 -0.012437
0.834216 2.209254 -0.005786
0.834390 2.209661 0.000863
0.840284 2.207766 0.009044
0.847586 2.213710 0.025965
0.859242 2.216845 0.050380
0.882771 2.228849 0.078978
0.914660 2.247144 0.122856
0.987137 2.268995 0.165540
1.075476 2.293915 0.191407
1.171719 2.328090 0.198889
1.280175 2.379513 0.182802
1.371121 2.387988 0.189478
1.463966 2.340161 0.178292
1.668667 2.660619 0.105411
1.723098 2.788818 0.017023
1.759828 2.910559 -0.012616
1.800118 3.022228 -0.048007
1.819204 3.084562 -0.061736
2.110479 2.880433 0.051944
2.059943 2.936964 0.040127
2.054777 2.940198 0.029353
2.054777 2.940198 0.029353
2.070656 2.935509 0.030570
2.071133 2.935533 0.026395
2.071133 2.935533 0.026395
2.071133 2.935533 0.026395
2.071133 2.935533 0.026395
2.070656 2.935509 0.030570
2.070656 2.935509 0.030570
2.074045 2.935560 0.001378
2.074045 2.935560 0.001378
2.074045 2.935560 0.001378
2.078520 2.931494 0.002448
2.079015 2.931479 -0.001715
2.079015 2.931479 -0.001715
2.074045 2.935560 0.001378
2.074045 2.935560 0.001378
2.074045 2.935560 0.001378
2.074045 2.935560 0.001378
2.074045 2.935560 0.001378
2.073553 2.935569 0.005544
2.063193 2.924626 0.016746
2.041752 2.896064 0.042451
2.009206 2.837294 0.081359
1.971234 2.843945 0.100643
1.934634 2.887585 0.088105
1.890277 2.946581 0.072919
1.841467 3.029827 0.058570
1.809045 3.130395 0.056993
1.793397 3.248556 0.057088
1.791199 3.355803 0.060401
1.788844 3.499042 0.067042
1.814922 3.625369 0.069743
1.862346 3.743291 0.067760
1.912671 3.806773 0.086813
1.948010 3.776274 0.106422
1.981439 3.758654 0.118590
2.035256 3.716842 0.133134
2.179042 3.993032 0.059590
2.196562 4.008092 0.036680
2.200473 4.016764 0.021478
2.201356 4.016897 0.012699
2.201802 4.016954 0.008312
2.201802 4.016954 0.008312
2.201356 4.016897 0.012699
2.203963 4.025335 0.010666
2.235862 4.127177 -0.018269
2.281856 4.273215 -0.062343
2.319481 4.394842 -0.091720
2.357552 4.517823 -0.121421
2.208741 4.042161 0.010991
2.210477 4.050456 0.017756
2.211370 4.058504 0.033354
2.216062 4.075774 0.053042
2.233974 4.107848 0.100044
2.276669 4.137427 0.155373
2.344202 4.163820 0.211659
2.424286 4.187783 0.261158
2.509965 4.206098 0.307711
2.590307 4.206894 0.358141
2.684737 4.241049 0.375712
2.749928 4.226325 0.399533
2.826626 4.243890 0.421061
2.863305 4.209756 0.455330
2.876638 4.195246 0.493570
2.910170 4.315616 0.519114
2.952659 4.277026 0.568005
2.956104 4.285281 0.562134
2.959952 4.293568 0.552014
2.964625 4.301855 0.533404
3.050964 4.208388 0.448492
3.094608 4.194698 0.409194
3.144514 4.181322 0.337772
3.208859 4.166190 0.276558
3.285149 4.147361 0.217267
3.378241 4.133656 0.167773
3.456251 4.163759 0.132971
3.520398 4.161981 0.121392
3.573322 4.184435 0.115855
3.613028 4.209486 0.106251
3.640775 4.223556 0.088146
3.661768 4.221503 0.066137
3.667271 4.201438 0.052415
3.649089 4.209951 0.046852
3.649089 4.209951 0.046852
3.649635 4.209991 0.042630
3.649635 4.209991 0.042630
3.646241 4.202144 0.044450
3.646241 4.202144 0.044450
3.650982 4.196575 0.045818
3.721027 4.121782 0.095217
3.868643 4.112325 0.087467
3.993930 4.142733 0.072726
4.083586 4.204795 0.065294
4.144225 4.252533 0.054122
4.168672 4.271786 0.053356
4.170707 4.292580 0.045051
4.171290 4.292597 0.040890
4.179626 4.294389 0.040579
4.171290 4.292597 0.040890
4.174931 4.300260 0.039134
4.179626 4.294389 0.040579
4.175984 4.286733 0.042333
4.264903 4.479291 0.019184
4.332430 4.569959 -0.017360
4.356120 4.617181 -0.036606
4.447214 4.552697 0.021007
4.447214 4.552697 0.021007
4.446673 4.552369 0.017532
4.446673 4.552369 0.017532
4.446673 4.552369 0.017532
4.492938 4.475728 0.025497
4.568691 4.378364 0.056403
4.678034 4.313725 0.060243
4.808791 4.320142 0.063229
4.934137 4.317107 0.073082
5.038680 4.316655 0.077998
4.639155 4.969165 -0.099207
4.663367 5.017625 -0.114441
4.685817 5.043366 -0.132946
4.695271 5.044474 -0.145307
4.708791 5.039119 -0.143815
4.734292 5.006374 -0.124560
4.767041 4.959218 -0.116589
4.823424 4.888074 -0.069419
4.888781 4.803933 -0.019233
4.957749 4.713455 0.028628
5.024115 4.622856 0.061712
5.102663 4.527308 0.092471
5.175868 4.543203 0.109377
5.252941 4.621080 0.096506
5.392212 4.459274 0.128584
5.596624 4.640217 0.117205
5.715053 4.694656 0.091366
5.824767 4.719587 0.083851
5.912468 4.750629 0.090107
5.973438 4.766383 0.103358
5.999228 4.794780 0.093680
6.005101 4.816015 0.073117
6.028597 4.823034 0.056113
6.049383 4.837829 0.040854
6.074145 4.859417 0.020306
6.074145 4.859417 0.020306
6.078537 4.852213 0.022057
6.078049 4.851911 0.018293
6.074122 4.845007 0.023617
6.074122 4.845007 0.023617
6.096041 4.809097 0.032346
6.131459 4.752166 0.050004
6.185461 4.668027 0.085667
6.285500 4.645674 0.100760
6.208210 5.003757 -0.021932
6.271236 5.106057 -0.044134
6.325681 5.194392 -0.063304
6.335494 5.209213 -0.070595
6.371351 5.268469 -0.079377
6.408572 5.328378 -0.088392
6.442759 5.381181 -0.104037
6.472663 5.411518 -0.110585
6.503399 5.457581 -0.116677
6.539999 5.496340 -0.108751
6.566748 5.473017 -0.082681
6.605285 5.410032 -0.043181
6.651269 5.331141 -0.008023
6.708114 5.229276 0.028538
6.758546 5.135740 0.047004
6.821468 5.034097 0.055785
6.887259 4.925587 0.070291
6.978809 4.903395 0.085879
6.977969 4.903137 0.077996
7.287423 4.984966 0.122325
7.379711 5.046655 0.118977
7.430242 5.061867 0.117057
7.444011 5.066318 0.096543
7.475655 5.054113 0.092355
7.480096 5.074700 0.075702
7.484912 5.081410 0.074315
7.484912 5.081410 0.074315
7.483101 5.105257 0.081054
7.507512 5.057202 0.100603
7.545376 4.975726 0.107807
7.622036 4.829161 0.126810
7.504105 5.161485 0.056924
7.540250 5.208937 0.035440
7.585010 5.255361 0.022409
7.517405 5.167144 0.063981
7.525270 5.150755 0.067879
7.532622 5.119791 0.079107
7.547779 5.072674 0.094160
7.568019 5.032097 0.099953
7.593009 4.998244 0.104385
7.684707 5.064511 0.072666
7.698000 5.054692 0.071403
7.707100 5.053365 0.076034
7.716537 5.051705 0.072824
7.719230 5.043312 0.074572
7.724830 5.049836 0.069401
7.733118 5.047948 0.065981
7.737979 5.054524 0.064623
7.747709 5.067685 0.061906
7.751834 5.074311 0.064369
7.756705 5.080898 0.063010
7.768363 5.100765 0.074257
7.738852 5.067805 0.107861
7.756862 5.094031 0.110170
7.779794 5.126854 0.111153
7.799353 5.153245 0.105772
7.818951 5.179688 0.100381
7.828766 5.192928 0.097682
7.726776 5.041465 0.074972
7.726776 5.041465 0.074972
7.726776 5.041465 0.074972
7.726035 5.041500 0.078792
7.726035 5.041500 0.078792
7.726776 5.041465 0.074972
7.726776 5.041465 0.074972
7.726776 5.041465 0.074972
7.726776 5.041465 0.074972
7.726776 5.041465 0.074972
7.726776 5.041465 0.074972
7.726776 5.041465 0.074972
7.726776 5.041465 0.074972
7.731634 5.048035 0.073618
7.731634 5.048035 0.073618
7.726776 5.041465 0.074972
7.731297 5.048360 0.081461
7.727129 5.056883 0.087346
7.730977 5.064433 0.109529
7.735856 5.086790 0.128445
7.745271 5.116114 0.153922
7.760977 5.166759 0.167035
7.771813 5.210394 0.169599
7.776472 5.271014 0.160597
7.784628 5.323319 0.149402
7.793924 5.391303 0.134817
7.815949 5.449480 0.122722
7.837727 5.508308 0.118588
7.852319 5.529284 0.122537
7.867664 5.550292 0.122587
7.877658 5.564131 0.119858
7.877295 5.564401 0.127920
7.877295 5.564401 0.127920
7.882296 5.571325 0.126558
7.882664 5.571596 0.130708
7.882299 5.571865 0.138770
7.886571 5.578790 0.141326
7.886936 5.579060 0.145476
7.891574 5.586257 0.152187
7.890846 5.586255 0.156099
7.890846 5.586255 0.156099
7.887376 5.595305 0.158260
7.887376 5.595305 0.158260
7.886649 5.595304 0.162173
7.886649 5.595304 0.162173
7.887376 5.595305 0.158260
7.886649 5.595304 0.162173
7.886283 5.595570 0.170237
7.900129 5.600655 0.169532
7.916267 5.621222 0.153504
7.955513 5.645229 0.141571
7.999867 5.676117 0.128296
8.033448 5.693021 0.121664
8.033064 5.693276 0.129783
8.031609 5.718895 0.136982
8.208505 5.950195 0.126007
8.251856 6.007877 0.128398
8.294156 6.049181 0.138718
8.328876 6.066172 0.140951
8.349699 6.094777 0.135564
8.377603 6.104207 0.130050
8.402577 6.096553 0.123250
8.420213 6.107791 0.112221
8.428963 6.121328 0.100425
8.436432 6.118263 0.096499
8.444218 6.115406 0.096927
8.453085 6.112897 0.097714
8.456870 6.113212 0.077845
8.462110 6.120325 0.076477
8.462110 6.120325 0.076477
8.470322 6.134380 0.085670
8.551613 6.241787 0.053131
8.648025 6.371620 0.024179
8.458388 6.113290 0.069908
8.466819 6.110992 0.079025
8.465627 6.111169 0.091305
8.467125 6.145514 0.117566
8.480409 6.168815 0.180500
8.506131 6.239697 0.229320
8.517574 6.319810 0.202372
8.536495 6.420752 0.195218
8.551736 6.515671 0.181238
8.566900 6.639207 0.140284
8.587286 6.743467 0.115496
8.595483 6.833394 0.101471
8.582729 6.857871 0.088744
8.580960 6.904882 0.100619
8.579662 6.934019 0.103814
8.708728 7.132557 0.063187
8.710382 7.151099 0.054820
8.717468 7.159195 0.045035
8.714356 7.169981 0.033907
8.698498 7.146329 0.034091
8.723513 7.178140 0.006947
8.752102 7.217908 -0.004556
8.770907 7.241844 -0.026180
8.823307 7.332872 -0.043410
8.885800 7.421391 -0.068780
8.641980 7.085263 0.043512
8.636182 7.077179 0.040372
8.630674 7.069313 0.041823
8.630674 7.069313 0.041823
8.639629 7.066765 0.056014
8.644934 7.074916 0.067915
8.659381 7.080186 0.080678
8.686080 7.071876 0.105329
8.727110 7.068604 0.142756
8.792716 7.067065 0.181053
8.876977 7.029102 0.213204
8.974192 7.023783 0.225937
9.076281 7.006287 0.219701
9.181573 6.976326 0.202717
9.287837 6.945183 0.177997
9.389975 6.898474 0.111570
9.443602 6.817904 0.120465
9.454322 6.772566 0.092837
9.719705 7.095924 0.022815
9.853283 6.887296 0.113871
9.896739 6.925897 0.108171
9.916792 6.936041 0.111518
9.937330 6.916132 0.107588
9.945507 6.881873 0.105418
9.951161 6.888911 0.104155
9.966490 6.921788 0.103454
9.977831 6.935921 0.100924
10.001535 6.964423 0.096671
10.016530 6.967206 0.092651
10.023202 6.974439 0.092216
10.038023 6.977066 0.083438
10.037848 6.976938 0.078668
10.038483 6.976831 0.069962
10.038483 6.976831 0.069962
10.038483 6.976831 0.069962
10.035685 6.988285 0.067488
10.035685 6.988285 0.067488
10.041384 6.995381 0.066210
10.041384 6.995381 0.066210
10.041384 6.995381 0.066210
10.041384 6.995381 0.066210
10.044179 6.983916 0.068687
10.044179 6.983916 0.068687
10.044179 6.983916 0.068687
10.044179 6.983916 0.068687
10.044179 6.983916 0.068687
10.044179 6.983916 0.068687
10.043365 6.983882 0.072627
10.043365 6.983882 0.072627
10.044179 6.983916 0.068687
10.043999 6.983773 0.063917
10.043183 6.983730 0.067860
10.043183 6.983730 0.067860
10.043183 6.983730 0.067860
10.043183 6.983730 0.067860
10.043183 6.983730 0.067860
10.043183 6.983730 0.067860
10.043183 6.983730 0.067860
10.043183 6.983730 0.067860
10.043365 6.983882 0.072627
10.043365 6.983882 0.072627
10.045523 6.972538 0.083800
10.048662 6.961367 0.095792
10.054404 6.938646 0.105463
10.075741 6.907434 0.134828
10.097469 6.876023 0.150709
10.119566 6.814960 0.163964
10.150668 6.749732 0.174505
10.201083 6.693784 0.183858
10.270739 6.646702 0.196847
10.345808 6.634668 0.198134
10.440046 6.630559 0.203257
10.544327 6.609252 0.212320
10.665108 6.536142 0.227912
10.657002 6.425740 0.244841
10.675032 6.347659 0.258889
10.731742 6.313430 0.270117
10.776413 6.305746 0.262324
10.848770 6.346246 0.255638
10.850526 6.306334 0.255546
10.857114 6.272861 0.262741
10.861496 6.250601 0.267526
10.863779 6.239593 0.274622
10.865965 6.228492 0.277006
10.865965 6.228492 0.277006
10.865869 6.228385 0.272301
10.865769 6.228267 0.267599
10.867742 6.216903 0.260593
10.871990 6.194589 0.260682
10.881610 6.178133 0.255048
10.879760 6.177763 0.252943
10.881220 6.194347 0.247428
10.893717 6.212173 0.262476
10.918729 6.241718 0.263516
10.961350 6.289749 0.262412
11.011291 6.344179 0.252905
11.080631 6.417432 0.229115
11.159263 6.497593 0.189358
11.250498 6.590459 0.143534
11.356612 6.684604 0.103901
11.416890 6.813131 0.034050
11.427533 6.825741 0.035504
11.435079 6.819899 0.037057
11.435079 6.819899 0.037057
11.439036 6.838357 0.033239
11.439036 6.838357 0.033239
11.440828 6.826197 0.035927
11.446578 6.832498 0.034796
11.446578 6.832498 0.034796
11.448445 6.820477 0.042411
11.455361 6.802752 0.067616
11.463681 6.815705 0.094978
11.493704 6.823375 0.130473
11.532823 6.800537 0.175168
11.587998 6.808078 0.205424
11.659339 6.815041 0.211721
11.731231 6.821295 0.209553
11.807264 6.857726 0.188966
11.876683 6.887558 0.168138
11.914188 6.917256 0.171879
11.916414 6.904558 0.165901
12.088447 7.077655 0.100782
12.151591 7.159012 0.091309
12.196548 7.222085 0.088726
12.236961 7.266030 0.090021
12.259721 7.291228 0.094556
12.278358 7.309993 0.082491
12.286928 7.316169 0.059989
12.297502 7.308987 0.031455
12.312017 7.321599 0.012949
12.309844 7.302043 0.000617
12.309844 7.302043 0.000617
12.310945 7.288780 0.003502
12.310945 7.288780 0.003502
12.311829 7.288819 -0.000213
12.311829 7.288819 -0.000213
12.310945 7.288780 0.003502
12.322796 7.301328 0.001304
12.396767 7.376957 -0.023103
12.280476 7.257412 0.012703
12.280476 7.257412 0.012703
12.279593 7.257365 0.016416
12.280476 7.257412 0.012703
12.280476 7.257412 0.012703
12.279593 7.257365 0.016416
12.279593 7.257365 0.016416
12.285505 7.263624 0.015321
12.284621 7.263569 0.019037
12.288764 7.269696 0.025382
12.290030 7.289043 0.041453
