0.908356 1.074754 0.750730
0.987964 1.091850 0.800930
1.033430 1.110136 0.849803
1.044373 1.139936 0.861672
1.044050 1.140026 0.865447
1.201467 1.256987 1.144204
1.200682 1.270033 1.189664
1.212057 1.315707 1.206593
1.182307 1.488148 1.420504
1.162435 1.556429 1.441003
1.143059 1.614342 1.450624
1.131710 1.655839 1.447937
1.144725 1.686270 1.436571
1.155514 1.715045 1.411426
1.156585 1.754482 1.402098
1.155809 1.786612 1.384060
1.160849 1.822848 1.365242
1.165505 1.858962 1.343990
1.177062 1.882983 1.329638
1.198177 1.907705 1.312766
1.220942 1.921690 1.289155
1.246866 1.926740 1.278224
1.282315 1.931770 1.258647
1.315534 1.929435 1.237985
1.353038 1.924384 1.224107
1.396699 1.922954 1.209556
1.438324 1.913981 1.190142
1.481991 1.911149 1.163261
1.526792 1.897055 1.127349
1.588988 1.887495 1.095498
1.621087 1.880513 1.036668
1.646831 1.870430 0.988495
1.666577 1.847413 0.962173
1.709256 1.923938 0.910742
1.727144 1.921511 0.889804
1.744806 1.902778 0.878759
1.828341 2.058954 0.764333
1.866499 2.112186 0.744694
1.905018 2.137191 0.729990
1.937615 2.171492 0.736613
1.964647 2.214579 0.743986
2.003161 2.246224 0.752670
2.069790 2.322560 0.687472
2.103265 2.352080 0.708796
2.146286 2.380841 0.739515
2.181501 2.399607 0.767317
2.224362 2.421379 0.786728
2.261034 2.440198 0.809553
2.298578 2.447438 0.829496
2.328568 2.462826 0.853165
2.358052 2.477267 0.867773
2.418582 2.603508 0.866279
2.428436 2.597845 0.892971
2.429182 2.599554 0.915331
2.418191 2.601677 0.934781
2.397626 2.593733 0.956165
2.383328 2.627926 0.949709
2.352848 2.685160 0.954260
2.316232 2.769241 0.947331
2.210493 2.646507 1.033748
2.227157 2.663703 1.091442
2.188449 2.668379 1.084935
2.054376 2.783635 1.109477
2.006132 2.848563 1.073541
2.033615 2.833191 1.092480
2.035719 2.828095 1.090485
1.858851 3.002734 1.100692
1.893180 3.214914 1.113939
1.885931 3.302290 1.107949
1.880421 3.358713 1.107583
1.881761 3.419291 1.106601
1.885222 3.448017 1.107203
1.891257 3.465001 1.112750
1.899258 3.510200 1.125788
1.941155 3.654234 1.097847
1.936876 3.693542 1.112494
1.971189 3.865131 1.113444
2.065077 3.775971 1.135402
2.065028 3.769402 1.154051
2.048627 3.809480 1.165923
2.108540 4.009755 1.175644
2.117178 4.035724 1.184605
2.190670 3.974453 1.198407
2.246274 4.184309 1.138343
2.237638 4.237270 1.122246
2.247702 4.249428 1.120362
2.444385 4.297096 1.038992
2.450480 4.313957 1.027724
2.655258 4.111261 1.010149
2.669827 4.087352 0.976427
2.691321 4.060518 0.965993
2.705897 4.046078 0.971765
2.768179 4.174612 0.895958
2.918961 4.021801 0.956208
2.942432 3.996757 0.960950
2.950023 3.965635 0.963511
2.960515 3.942135 0.957547
2.982061 3.962560 0.928352
2.997333 3.967585 0.913162
3.009660 3.965071 0.906532
3.027537 3.958200 0.906990
3.043536 3.964523 0.916348
3.059627 3.971168 0.932876
3.079164 3.985599 0.943950
3.098459 4.000366 0.966311
3.113025 4.019839 0.980588
3.118164 4.049185 0.985813
3.117026 4.096799 0.987784
3.120843 4.125080 0.976548
3.118753 4.137530 0.963893
3.113876 4.142041 0.948468
3.123166 4.165613 0.937078
3.132133 4.189232 0.929792
3.128507 4.215378 0.921895
3.133518 4.244752 0.912538
3.144730 4.284867 0.931042
3.168877 4.293481 0.933017
3.197883 4.297026 0.943316
3.221686 4.305192 0.942180
3.244297 4.292158 0.947980
3.274012 4.281154 0.947097
3.324319 4.318650 0.940210
3.365078 4.318229 0.949084
3.418384 4.328725 0.958522
3.464842 4.323005 0.974844
3.518000 4.332873 0.988530
3.559100 4.312215 1.024401
3.613062 4.336848 1.059187
3.648432 4.340572 1.079465
3.715805 4.322642 1.070392
3.748120 4.331951 1.087940
3.786332 4.341895 1.126613
3.811917 4.320545 1.139348
3.907332 4.234530 1.276597
3.931365 4.194396 1.301604
3.951016 4.159986 1.321589
3.975652 4.146528 1.313858
3.989819 4.130356 1.319789
3.996066 4.139935 1.337020
4.014756 4.131652 1.344317
4.029034 4.119207 1.303083
4.049560 4.130008 1.286639
4.044573 4.088631 1.278701
4.070044 4.080336 1.258901
4.104399 4.074065 1.238221
4.137805 4.080525 1.215486
4.159390 4.064710 1.200787
4.181027 4.047760 1.164752
4.217641 4.028359 1.141744
4.248530 4.026079 1.098195
4.283562 4.031108 1.056714
4.231720 4.065505 0.922215
4.247817 4.092101 0.854739
4.262171 4.131969 0.792364
4.288420 4.195300 0.739349
4.308643 4.279382 0.708115
4.335026 4.345229 0.683751
4.368786 4.414401 0.689343
4.403228 4.483859 0.690988
4.447197 4.527610 0.698441
4.480920 4.562400 0.706272
4.512258 4.577521 0.771893
4.550913 4.591109 0.761882
4.593896 4.598034 0.749714
4.622283 4.602113 0.725075
4.652655 4.613837 0.715287
4.610915 4.476503 0.775488
4.612682 4.436473 0.801886
4.629078 4.393213 0.842716
4.639852 4.356341 0.890044
4.663561 4.328949 0.942474
4.681616 4.306084 0.968896
4.707682 4.298114 0.996179
4.725188 4.287459 0.998343
4.745841 4.297282 0.997003
4.776063 4.294974 0.994010
4.805552 4.306181 0.995999
4.839984 4.311528 1.002524
4.881890 4.330913 1.003355
4.936673 4.345830 1.019926
4.987127 4.366217 1.028160
5.046172 4.387344 1.036466
5.097311 4.407093 1.040989
5.152237 4.420122 1.047197
5.199658 4.431820 1.045701
5.255213 4.444160 1.048175
5.310510 4.455892 1.047264
5.357810 4.466522 1.042498
5.397162 4.463372 1.050834
5.426474 4.472456 1.053756
5.465499 4.468737 1.058678
5.507995 4.471315 1.055560
5.542611 4.473737 1.059368
5.577149 4.462247 1.061994
5.620497 4.464500 1.058626
5.659677 4.459602 1.056395
5.703390 4.447636 1.048078
5.742227 4.442104 1.042420
5.785907 4.429766 1.034203
5.825225 4.423821 1.024821
5.877446 4.411311 1.016854
5.938538 4.398952 1.012650
6.003356 4.393006 1.011247
6.068478 4.386888 1.013490
6.128931 4.373376 1.013353
6.189514 4.386160 1.008672
6.231640 4.398701 1.007556
6.274271 4.424740 1.007714
6.372399 4.336640 1.043279
6.418860 4.342756 1.065262
6.456829 4.336038 1.092853
6.494973 4.355373 1.112417
6.537511 4.354364 1.131798
6.575385 4.360087 1.153651
6.622294 4.365077 1.172133
6.668909 4.369504 1.187071
6.724935 4.386323 1.196533
6.780823 4.389127 1.200971
6.837144 4.404921 1.203329
6.901538 4.406260 1.208229
6.957644 4.407608 1.205630
7.025938 4.400967 1.211942
7.090709 4.400910 1.213499
7.146384 4.402166 1.229309
7.209701 4.401745 1.245487
7.280873 4.399768 1.265680
7.356537 4.390225 1.287271
7.427968 4.386997 1.304033
7.507368 4.382211 1.328493
7.584511 4.396955 1.339032
7.656455 4.405190 1.354021
7.733497 4.418710 1.364801
7.801942 4.432892 1.371539
7.827951 4.407841 1.397549
7.838849 4.372801 1.407114
7.840888 4.339574 1.419679
7.840436 4.327406 1.432747
7.832488 4.329729 1.439705
8.180359 4.750303 1.400665
8.218698 4.812640 1.410807
8.307260 4.751427 1.479679
8.333519 4.809186 1.479485
8.356820 4.875143 1.470642
8.374881 4.920721 1.449626
8.394400 4.980884 1.426440
8.408302 5.020987 1.402356
8.422269 5.061311 1.378140
8.427770 5.103918 1.349255
8.427095 5.126285 1.327120
8.430789 5.154928 1.307687
8.437996 5.175155 1.289563
8.444793 5.195752 1.278972
8.447229 5.210165 1.265573
8.448533 5.224678 1.259345
8.450834 5.238878 1.241887
8.461170 5.251031 1.232607
8.463205 5.265872 1.226735
8.472092 5.263172 1.219700
8.482451 5.275354 1.210387
8.492969 5.287824 1.205089
8.506401 5.291644 1.204853
8.524810 5.301693 1.203778
8.541710 5.296758 1.205000
8.560266 5.307021 1.207977
8.581691 5.308542 1.216029
8.611970 5.307163 1.217057
8.640778 5.291001 1.224429
8.671560 5.289383 1.221902
8.701727 5.287689 1.222984
8.735231 5.277090 1.225541
8.769256 5.266334 1.224543
8.797755 5.249679 1.232011
8.822277 5.241786 1.241586
8.846758 5.233824 1.251162
8.866315 5.220050 1.265584
8.882427 5.214776 1.274495
8.892472 5.203833 1.295298
8.903081 5.192854 1.312534
8.910506 5.190940 1.332378
8.912827 5.182783 1.348912
8.917365 5.166230 1.377865
8.919204 5.158423 1.401864
8.912803 5.153450 1.425187
8.909110 5.139803 1.453308
8.902719 5.134851 1.476547
8.900673 5.135591 1.498529
8.894290 5.130649 1.521710
8.893341 5.131289 1.536692
8.890636 5.117074 1.549617
8.889626 5.117441 1.560572
8.884202 5.111878 1.568718
8.884263 5.112152 1.572716
8.884263 5.112152 1.572716
8.879314 5.106269 1.573383
8.879314 5.106269 1.573383
8.879787 5.105947 1.565914
8.874839 5.100065 1.566584
8.872040 5.108402 1.557843
8.872577 5.108348 1.554368
8.873050 5.108027 1.546892
8.879014 5.113542 1.535257
8.876217 5.121899 1.526482
8.873346 5.129999 1.513688
8.876048 5.144245 1.500704
8.875880 5.166666 1.474833
8.881797 5.171980 1.459075
8.889977 5.191969 1.437728
8.893194 5.206041 1.417044
8.900850 5.226184 1.399092
8.913048 5.252700 1.387926
8.917564 5.282111 1.372545
8.924803 5.302774 1.362044
8.928877 5.332682 1.354186
8.931116 5.347402 1.344386
8.934550 5.377264 1.335935
8.930151 5.409824 1.319131
8.929603 5.433440 1.300124
8.928472 5.457148 1.284639
8.936386 5.478290 1.270298
8.935370 5.502416 1.258842
8.934354 5.526615 1.247351
8.936740 5.541993 1.241450
8.937948 5.557422 1.242764
8.929802 5.576346 1.258929
8.924950 5.586091 1.276590
8.916794 5.605037 1.292805
8.903627 5.617969 1.313981
8.901036 5.642991 1.321696
8.896658 5.652482 1.331659
8.886203 5.680490 1.335132
8.879631 5.699294 1.336410
8.878078 5.724254 1.332746
8.873667 5.758351 1.319809
8.864689 5.786129 1.303959
8.858467 5.804600 1.293191
8.849453 5.832504 1.277245
8.840321 5.860233 1.257048
8.828265 5.897254 1.227369
8.816163 5.934424 1.197542
8.807418 5.962227 1.169110
8.795592 5.999175 1.126797
8.781497 6.045951 1.075124
8.774826 6.116056 1.011503
8.759430 6.189665 0.946543
8.744764 6.280180 0.873396
8.730476 6.372486 0.812395
8.685502 6.457284 0.775784
8.680308 6.566716 0.740720
8.681930 6.657404 0.721728
8.684975 6.738237 0.711941
8.704862 6.796960 0.724361
8.731908 6.835071 0.740610
8.768673 6.869733 0.731800
8.802248 6.886271 0.733970
8.838722 6.874239 0.733049
8.887883 6.848153 0.721874
8.932633 6.814344 0.699464
8.984729 6.759394 0.677067
9.039764 6.693670 0.652336
9.097416 6.617795 0.642674
9.162277 6.538962 0.650777
9.222117 6.470603 0.669205
9.283140 6.419552 0.692916
9.337257 6.361808 0.734133
9.395078 6.348251 0.752356
9.434107 6.331422 0.801652
9.468269 6.307706 0.848017
9.486363 6.280744 0.901092
9.506259 6.271002 0.963785
9.533923 6.267403 1.001680
9.561505 6.290860 1.031465
9.581919 6.290594 1.056645
9.623555 6.360298 1.073788
9.649256 6.393236 1.076879
9.662445 6.423322 1.068100
9.673787 6.436121 1.053715
9.687361 6.422993 1.062834
9.691665 6.439826 1.040098
9.696585 6.429397 1.030637
9.712233 6.431804 1.010483
9.739239 6.419919 0.997450
9.756597 6.412064 0.995491
9.734568 6.569191 0.946915
9.755882 6.596369 0.951488
9.778935 6.613133 0.974484
9.805494 6.618898 0.991021
9.833970 6.642088 1.008646
9.865329 6.654367 1.028095
9.894674 6.649002 1.046462
9.917611 6.647899 1.052663
9.952345 6.649032 1.070172
9.998064 6.663574 1.090512
10.032007 6.664318 1.111802
10.059767 6.687048 1.137888
10.079869 6.685681 1.168211
10.096554 6.695009 1.195986
10.104996 6.708701 1.222880
10.107900 6.715959 1.255124
10.116358 6.729437 1.277494
10.114387 6.729896 1.302257
10.115229 6.748063 1.324610
10.118804 6.754959 1.344061
10.116888 6.754976 1.359734
10.121094 6.761933 1.375470
10.127995 6.757799 1.392792
10.143761 6.749061 1.402702
10.162791 6.729280 1.410481
10.184626 6.727129 1.415961
10.203609 6.707061 1.419213
10.222541 6.686971 1.422468
10.242717 6.666751 1.413867
10.263522 6.646339 1.397110
10.284282 6.625893 1.380395
10.311849 6.611525 1.346620
10.334511 6.590684 1.309976
10.354633 6.580624 1.267176
10.375391 6.570559 1.220717
10.396822 6.560272 1.166038
10.418249 6.549935 1.111333
10.448202 6.564342 1.076041
10.463927 6.577144 1.058066
10.487570 6.584653 1.045870
10.512838 6.580364 1.044010
10.532517 6.569060 1.038524
10.542821 6.562534 1.039316
10.559689 6.551581 1.048395
10.523191 6.774059 0.764824
10.520346 6.825985 0.734097
10.517591 6.878630 0.712588
10.506698 6.936458 0.689828
10.499172 6.970938 0.674049
10.487193 6.987926 0.692610
10.475136 7.004700 0.706469
10.469821 7.016650 0.733797
10.464467 7.028410 0.756412
10.458487 7.040663 0.797015
10.474584 6.989532 0.831712
10.505073 6.940320 0.857877
10.545877 6.874527 0.882274
10.595789 6.804007 0.900154
10.659500 6.734603 0.905168
10.721016 6.676428 0.904633
10.790554 6.612661 0.897020
10.860173 6.548534 0.885977
10.932555 6.501486 0.872333
11.016809 6.454566 0.862826
11.091491 6.423876 0.851437
11.174537 6.404255 0.849289
11.255879 6.395537 0.846362
11.317542 6.461040 0.838285
11.376768 6.539578 0.855306
11.440500 6.594526 0.868435
11.532760 6.489457 0.893135
11.591834 6.483594 0.897451
11.654604 6.494887 0.899013
11.710996 6.499844 0.900184
11.766441 6.516311 0.895843
11.812975 6.508882 0.886938
11.857082 6.513311 0.884258
11.900421 6.529504 0.876033
11.937418 6.539851 0.872095
11.974379 6.550081 0.868181
12.003643 6.566595 0.866410
12.028532 6.565387 0.872387
12.047895 6.558254 0.874327
12.069922 6.569073 0.885129
12.093537 6.579665 0.884180
12.117641 6.578030 0.888836
12.142446 6.576311 0.890036
12.171592 6.592389 0.888352
12.195782 6.602956 0.888823
12.225796 6.618786 0.878844
12.250095 6.629098 0.874483
12.274390 6.639374 0.870129
12.291339 6.656166 0.862960
12.308614 6.685588 0.851542
12.325616 6.702452 0.844336
12.328770 6.720376 0.843428
12.339096 6.744066 0.834781
12.347512 6.780549 0.832295
12.357012 6.804551 0.832016
12.364612 6.841427 0.837942
12.381400 6.871494 0.829855
12.395552 6.914505 0.831488
12.416485 6.950720 0.834567
12.432528 6.981282 0.834917
12.450360 6.999084 0.833981
12.472986 7.035678 0.830021
12.531762 7.088793 0.791093
12.553016 7.125601 0.794156
12.569587 7.143363 0.795290
12.592744 7.167069 0.792085
12.605115 7.178939 0.786940
12.622690 7.196655 0.779474
12.639126 7.227870 0.779795
12.663366 7.251638 0.767940
12.680061 7.269529 0.769065
12.662572 7.264980 0.765602
12.682184 7.342483 0.751422
