105 469
105 468
106 468
109 470
120 467
96 471
96 470
97 470
98 469
100 467
104 465
109 463
114 456
124 452
135 449
148 448
164 452
180 455
181 454
180 455
218 459
228 459
235 459
241 459
245 459
246 460
247 461
247 461
247 461
248 461
248 461
248 461
248 461
248 461
248 461
248 460
248 460
249 460
249 460
249 460
250 459
252 457
256 457
263 456
271 454
283 451
296 448
311 446
328 443
343 441
352 445
382 434
380 422
387 419
396 419
417 427
422 428
426 429
428 432
428 436
427 439
425 443
424 445
424 446
425 446
426 447
426 447
426 447
426 447
426 447
427 448
427 447
427 447
427 447
427 447
426 447
426 446
426 445
426 445
426 444
426 441
427 439
429 435
431 431
433 424
438 419
446 419
458 421
472 426
474 429
475 429
475 429
536 429
540 429
542 429
542 429
543 430
543 429
543 429
543 430
544 430
543 430
543 429
544 429
545 428
546 427
549 426
552 426
553 426
553 427
553 427
553 428
554 428
554 428
553 428
553 428
553 428
553 427
553 427
553 427
553 428
553 427
553 427
552 426
552 425
553 421
557 414
562 409
569 413
578 413
588 418
601 424
615 431
623 440
626 440
626 440
625 439
626 437
627 435
629 431
636 428
644 425
655 425
647 431
647 431
680 445
680 445
680 444
680 443
680 442
682 440
687 439
694 440
704 439
716 439
719 437
720 437
720 436
720 436
720 435
721 435
721 434
723 433
726 430
731 427
740 424
748 427
762 424
772 431
779 443
782 443
786 439
794 437
803 440
818 458
818 458
818 458
818 458
818 459
818 458
818 458
818 457
819 457
821 455
826 452
834 447
844 444
856 443
869 443
882 446
896 449
908 452
917 454
917 460
917 460
917 460
908 464
908 463
909 462
910 462
912 461
913 458
915 455
920 449
929 444
942 441
956 441
972 444
991 451
1008 455
1008 461
1009 461
1014 479
1014 479
1014 478
1014 477
1013 474
1017 471
1024 467
1033 465
1045 465
1059 472
1074 480
1090 488
1104 492
1117 495
1126 496
1125 498
1125 499
1124 500
1124 501
1124 502
1123 502
1123 501
1123 502
1123 502
1123 502
1124 502
1124 502
1124 501
1125 500
1127 499
1129 497
1131 494
1134 490
1141 490
1146 483
1150 481
1154 480
1158 479
1161 479
1163 479
1164 479
1163 479
1163 479
1162 479
1161 479
1161 479
1161 479
1161 478
1163 478
1168 480
1175 481
1185 483
1195 485
1204 485
1210 486
1212 487
1212 488
1211 488
1211 489
1211 489
1211 489
1211 489
1212 489
1212 489
1212 488
1212 488
1212 489
1212 489
1212 488
1212 488
1212 489
1212 489
1212 489
1212 488
1212 488
1212 489
1212 489
1212 489
1212 488
1212 489
1212 489
1213 489
1213 488
1213 488
1213 489
1212 489
1212 488
1212 488
1212 489
1212 489
1212 489
1212 489
1213 489
1213 489
1213 488
1213 488
1213 488
1213 489
1213 488
1213 488
1213 488
1214 487
1215 485
1216 482
1220 478
1227 470
1238 462
1249 460
1263 462
1281 467
1294 469
1310 470
1319 469
1331 468
1338 466
1336 466
1336 466
1336 466
1336 466
1336 466
1336 466
1337 466
1336 466
1337 466
1337 466
1338 466
1339 466
1340 465
1340 464
1340 463
1340 461
1342 457
1344 452
1346 448
1369 454
1379 455
1389 456
1393 459
1405 462
1414 464
1421 465
1426 466
1429 468
1431 470
1431 470
1432 470
1432 470
1432 471
1432 471
1432 470
1432 470
1431 470
1432 470
1432 470
1432 470
1436 469
1439 470
1443 469
1448 469
1453 468
1453 470
1454 470
1453 470
1453 470
1453 470
1458 470
1458 470
1458 470
1458 471
1458 471
1459 470
1459 470
1458 469
1458 468
1459 466
1461 464
1465 463
1470 462
1476 461
1484 459
1492 457
1503 456
1514 455
1513 458
1544 430
1552 430
1563 451
1571 451
1578 452
1584 453
1588 453
1591 455
1591 458
1592 459
1592 461
1591 463
1591 465
1592 466
1592 467
1594 469
1595 471
1596 471
1598 472
1598 473
1598 474
1598 474
1599 474
1599 475
1600 475
1600 475
1601 475
1599 475
1607 475
1608 475
1611 477
1649 475
1661 478
1674 480
1685 481
1693 482
1699 482
1703 483
1705 485
1707 487
1707 489
1710 492
1712 494
1713 496
1713 498
1713 499
1713 499
1713 499
1713 500
1713 500
1713 500
1713 500
1713 499
1713 499
1730 504
1755 510
1772 508
1782 505
1791 503
1795 503
1796 506
1796 510
1794 512
1794 513
1794 513
1794 513
1794 513
1794 513
1793 513
1794 513
1793 513
1793 513
1804 516
1803 516
1794 516
1794 516
1794 516
1794 516
1794 516
1793 516
1793 516
1794 516
1795 516
1795 516
1798 516
1803 518
1805 506
1814 504
1823 505
1834 504
1843 506
1847 501
1871 513
1885 514
1899 513
1913 508
1929 502
1911 500
1913 499
1913 501
1913 501
1913 501
1913 501