43 454
60 453
79 453
68 462
68 462
151 446
164 443
175 441
177 449
181 449
182 449
182 449
181 449
182 450
182 450
183 451
182 451
183 453
186 450
186 451
177 455
177 455
177 454
177 453
177 453
178 451
179 448
182 444
186 439
194 434
204 431
216 430
231 433
240 432
243 437
297 434
315 447
331 447
346 449
354 449
358 449
359 449
359 450
359 450
360 450
360 451
360 451
360 451
360 451
360 450
360 450
360 457
360 457
360 457
360 457
360 458
360 458
360 457
360 457
360 457
360 457
360 457
360 456
358 454
353 451
344 446
341 443
342 444
344 444
348 443
355 440
365 437
375 434
388 431
402 428
417 426
427 423
427 423
428 424
429 423
468 422
471 425
472 428
472 430
472 431
472 431
472 430
473 430
485 431
502 433
516 433
530 433
475 429
476 427
477 423
479 419
483 413
489 406
497 399
506 393
515 388
522 383
533 384
537 386
545 387
545 386
545 380
559 369
559 367
560 368
561 370
562 374
564 379
567 386
571 396
576 406
582 415
590 423
600 429
606 432
613 433
619 434
623 436
625 439
624 441
623 441
623 441
623 442
623 442
622 442
622 442
622 442
622 441
636 443
651 446
665 447
675 448
679 448
681 448
681 449
682 449
681 449
682 449
682 449
681 449
706 444
720 447
726 449
729 451
729 451
729 451
729 451
729 451
728 451
728 451
734 455
748 457
761 457
772 458
780 458
786 459
790 462
791 464
792 464
792 464
792 464
792 464
792 464
792 464
792 464
793 464
802 462
816 463
819 464
856 454
873 457
887 458
899 457
907 455
912 455
914 458
917 461
920 465
924 469
924 469
924 469
924 469
923 469
923 469
923 469
923 469
923 469
933 468
949 471
963 471
975 471
977 472
985 471
993 471
1000 473
1005 475
1011 477
1017 479
1018 481
1018 482
1018 483
1018 483
1018 483
1019 484
1020 484
1029 487
1029 487
1073 472
1088 472
1095 473
1097 475
1100 477
1102 477
1103 477
1103 477
1104 477
1104 477
1104 477
1105 477
1110 478
1117 481
1125 483
1112 477
1112 477
1111 477
1110 477
1110 478
1111 479
1126 484
1127 485
1128 485
1129 486
1129 485
1130 486
1131 486
1132 486
1134 486
1135 485
1136 485
1139 481
1134 474
1138 472
1143 470
1147 470
1151 470
1153 470
1130 484
1130 484
1130 484
1130 483
1130 483
1130 484
1130 484
1130 484
1130 484
1130 484
1130 484
1130 484
1130 484
1131 484
1131 484
1130 484
1131 483
1131 482
1132 479
1134 476
1137 472
1142 469
1146 467
1150 467
1154 467
1159 467
1165 467
1171 466
1174 465
1177 465
1179 465
1179 464
1179 464
1180 464
1180 464
1180 463
1181 462
1181 462
1182 461
1182 460
1182 460
1182 460
1182 460
1182 459
1182 459
1182 460
1182 459
1182 458
1184 458
1187 460
1193 462
1200 464
1205 465
1205 464
1206 464
1240 461
1248 462
1255 463
1260 464
1264 464
1268 464
1271 463
1274 462
1276 461
1277 460
1278 459
1279 459
1279 464
1280 464
1280 464
1282 461
1297 464
1315 465
1279 466
1280 465
1280 463
1282 459
1285 452
1292 444
1298 439
1305 438
1311 439
1318 443
1325 444
1330 443
1329 447
1331 444
1332 444
1356 445
1357 445
1358 447
1358 448
1355 449
1359 453
1364 454
1367 457
1377 457
1388 458
1346 446
1345 446
1344 446
1344 446
1345 445
1346 444
1348 443
1351 441
1356 438
1364 436
1373 434
1385 433
1397 435
1409 438
1421 443
1431 458
1435 458
1435 458
1481 462
1491 463
1498 464
1501 464
1503 465
1503 465
1504 465
1507 466
1509 466
1513 467
1515 468
1516 469
1518 470
1518 470
1518 471
1518 471
1518 471
1518 471
1518 471
1519 471
1519 471
1519 471
1519 471
1519 471
1519 471
1519 471
1519 471
1519 471
1519 471
1519 470
1519 470
1519 471
1519 471
1519 470
1519 470
1519 470
1519 470
1519 470
1519 470
1519 470
1519 470
1519 470
1519 470
1519 469
1519 469
1519 469
1521 467
1523 466
1524 466
1526 467
1531 468
1539 469
1549 470
1562 471
1576 472
1591 473
1586 477
1586 479
1593 481
1599 484
1611 483
1610 484
1610 484
1610 484
1610 484
1610 484
1610 484
1610 484
1610 484
1610 484
1610 484
1611 484
1611 482
1612 480
1615 475
1620 472
1628 470
1637 470
1649 473
1662 480
1677 488
1694 497
1705 505
1707 504
1708 504
1708 504
1709 504
1709 504
1709 504
1710 504
1710 504
1710 504
1711 501
1713 497
1718 494
1724 489
1733 485
1744 485
1755 486
1767 489
1778 491
1785 486
1785 487
1813 498
1824 498
1832 497
1839 496
1843 495
1846 496
1847 499
1848 503
1850 506
1849 509
1849 509
1849 509
1849 509
1849 510
1849 510
1849 509
1851 509
1863 512
1844 508
1844 508
1844 507
1844 508
1844 508
1844 507
1844 507
1845 507
1845 506
1846 504
1847 500