156 319
162 316
167 313
173 310
176 306
181 302
184 298
190 295
194 293
199 290
204 288
209 287
215 285
219 284
223 283
224 283
229 284
231 285
236 286
241 287
245 289
249 291
253 292
257 294
261 295
266 297
290 303
295 308
299 315
303 324
304 334
304 342
304 351
302 357
301 360
301 363
302 364
305 362
309 360
316 359
325 359
335 358
344 359
352 360
361 358
368 357
373 355
378 354
382 353
384 352
387 353
388 351
386 346
383 341
382 337
381 338
377 337
372 335
351 322
347 323
349 323
346 321
343 318
321 301
319 298
320 296
321 294
326 292
330 292
336 291
341 290
342 290
363 290
367 289
373 287
373 287
399 277
405 274
411 273
415 273
431 301
435 299
439 298
441 289
443 287
448 287
498 285
505 291
513 296
518 300
523 303
527 304
533 313
534 313
536 313
538 314
541 316
545 318
548 321
550 322
553 321
555 320
560 332
561 328
561 323
562 321
561 319
563 317
562 317
562 318
563 318
564 319
565 318
567 317
569 317
570 317
572 317
574 315
576 316
578 315
582 315
590 324
594 324
599 322
604 322
609 320
608 326
612 326
635 322
644 320
652 316
657 311
658 305
662 298
659 288
661 291
659 287
657 286
656 286
655 286
654 288
654 289
655 291
657 292
658 293
660 295
663 297
666 300
669 304
671 310
676 315
680 320
684 326
689 330
694 333
697 334
702 334
706 332
711 330
715 327
718 326
718 325
721 324
724 323
726 323
730 322
733 321
733 321
733 321
760 304
765 300
769 296
773 294
777 294
783 293
790 293
797 290
805 289
813 287
820 285
830 283
839 283
848 284
855 285
868 277
876 279
883 282
888 283
892 284
901 296
908 298
915 301
922 304
930 307
937 309
944 312
951 314
957 316
964 318
971 321
978 323
986 324
994 326
1003 328
1010 330
1017 331
1025 331
1034 330
1043 330
1052 330
1079 326
1090 326
1103 325
1115 325
1126 323
1136 322
1146 321
1155 321
1163 320
1171 320
1178 319
1184 318
1189 318
1193 317
1196 315
1198 314
1198 313
1196 311
1193 310
1188 310
1184 311
1176 312
1168 313
1159 314
1165 317
1166 318
1172 318
1178 318
1161 309
1164 312
1093 314
1084 312
1076 313
1069 315
1063 316
1047 317
1042 315
1039 315
1037 314
1035 311
1035 309
1035 306
1036 304
1037 302
1037 299
1038 298
1040 297
1041 295
1043 294
1045 292
1047 290
1050 288
1053 285
1056 281
1061 277
1065 273
1070 269
1076 266
1082 263
1088 261
1093 261
1099 260
1103 260
1108 261
1112 263
1115 264
1119 266
1122 268
1124 269
1127 272
1129 273
1132 275
1134 276
1136 278
1138 280
1140 282
1143 284
1146 286
1148 289
1151 291
1154 292
1157 294
1159 296
1162 297
1165 297
1168 297
1171 298
1174 299
1177 299
1180 300
1183 301
1185 303
1188 304
1191 305
1192 305
1193 306
1194 306
1195 307
1196 308
1197 309
1198 309
1199 309
1200 310
1202 311
1205 312
1208 313
1213 314
1218 316
1224 317
1232 318
1241 318
1253 317
1261 315
1273 312
1281 310
1286 305
1292 303
1308 308
1313 306
1322 300
1324 300
1353 294
1360 294
1373 289
1378 289
1384 290
1388 291
1392 293
1395 295
1397 296
1400 299
1401 303
1402 308
1399 313
1399 317
1399 320
1400 326
1400 328
1402 334
1400 351
1402 355
1403 360
1405 362
1408 365
1412 364
1417 368
1424 365
1429 365
1434 366
1439 369
1444 371
1449 373
1453 371
1462 377
1469 376
1474 374
1479 372
1483 369
1486 366
1488 364
1491 362
1493 361
1495 361
1498 361
1501 361
1504 362
1508 363
1512 363
1515 362
1519 361
1522 360
1525 358
1529 357
1533 356
1536 356
1539 356
1543 356
1546 357
1549 358
1552 359
1554 360
1556 361
1558 362
1560 363
1561 364
1562 365
1563 366
1563 367
1564 367
1565 368
1566 367
1567 367
1568 366
1570 366
1572 365
1574 363
1577 362
1580 362
1584 361
1587 360
1590 359
1593 359
1596 358
1600 355
1605 353
1608 352
1610 352
1610 352
1610 352
1610 352
1610 350
1611 347
1611 342
1597 333
1598 328
1598 324
1601 320
1603 318
1606 316
1608 313
1612 312
1627 317
1636 315
1645 311
1658 320
1670 316
1682 312
1696 308
1711 306
1714 297
1726 298
1740 309
1759 316
1772 322
1781 332
1785 343
1786 352
1785 359
1780 366
1776 370
1770 370
1762 369
1752 395
1761 387
1748 379
1753 379
1759 378
1748 385
1755 387
1723 388
1724 389
1728 390
1732 391
1737 392
1743 392
1748 393
1753 393
1758 394
1762 394
1766 394
1770 394
1773 394
1776 394
1778 395
1780 396
1782 397
1785 398
1787 399
1790 399
1794 401
1799 400
1804 400
1810 399
1817 398
1823 398
1828 397
1834 395
1837 396
1836 398
1838 399
1841 398
1843 398
1845 398
1848 399
1850 400
1853 400
1857 401
1860 401
1861 398