38 386
46 381
51 377
56 372
56 371
79 337
80 329
87 322
101 297
107 295
112 294
116 294
121 295
126 296
131 296
135 298
140 300
145 302
149 304
154 306
158 309
161 311
165 314
168 317
171 319
175 321
178 324
182 328
185 333
190 338
193 346
195 352
195 353
209 355
211 356
211 356
237 374
247 374
254 373
261 370
268 369
275 367
289 382
295 379
302 373
307 369
313 367
318 365
322 363
326 361
330 360
349 358
349 355
349 352
348 349
345 346
347 348
350 346
355 347
332 333
335 323
332 323
331 318
333 326
334 322
334 320
335 318
360 306
368 305
373 304
379 303
382 303
384 303
389 300
406 307
409 306
428 303
428 303
427 303
429 302
453 294
456 293
457 293
481 300
485 301
487 301
510 308
512 310
514 312
514 313
514 313
514 313
531 325
531 325
531 325
529 325
528 326
532 330
534 332
535 333
536 334
538 333
540 331
543 330
546 327
549 325
552 324
556 323
559 323
560 324
560 326
563 327
566 327
568 327
571 328
575 328
578 328
581 327
584 327
585 327
587 327
595 328
599 326
605 325
609 323
615 321
617 318
624 315
628 310
634 306
638 303
643 294
644 291
644 288
643 285
642 283
643 288
643 288
644 289
645 290
646 292
649 295
645 297
647 300
650 304
654 308
655 310
656 315
658 321
661 329
665 337
664 346
668 356
673 364
681 371
690 374
698 377
707 375
716 374
724 372
730 372
735 357
740 359
745 361
748 367
752 369
737 362
734 359
732 356
730 351
730 346
730 343
732 340
733 340
736 340
739 341
743 341
747 341
753 341
760 339
767 338
775 337
782 337
789 336
795 337
802 337
809 337
815 338
819 338
823 337
827 337
832 337
836 337
839 337
844 338
848 339
852 341
856 342
860 344
864 346
869 348
875 350
882 351
889 352
895 353
903 354
909 353
916 352
921 351
927 348
931 345
937 342
942 340
947 337
953 335
959 333
967 332
974 332
982 332
990 332
997 333
1005 333
1013 334
1020 333
1028 331
1037 328
1046 326
1055 324
1065 321
1076 320
1086 318
1097 317
1107 316
1109 312
1108 313
1106 313
1105 313
1104 313
1177 312
1186 309
1194 307
1201 306
1208 306
1213 308
1219 310
1223 313
1227 316
1230 319
1231 322
1233 324
1235 326
1237 327
1238 329
1239 329
1240 331
1242 332
1243 333
1244 334
1246 335
1248 336
1250 336
1253 336
1255 336
1258 336
1261 335
1265 335
1268 335
1272 336
1276 336
1280 336
1284 337
1287 337
1290 336
1293 335
1295 334
1297 333
1298 330
1299 328
1300 326
1300 324
1300 320
1300 317
1299 314
1298 310
1297 307
1297 303
1296 300
1296 298
1295 296
1295 294
1294 293
1294 293
1294 293
1293 293
1293 293
1293 294
1292 294
1292 295
1292 296
1292 297
1293 299
1293 300
1293 301
1294 303
1295 306
1296 308
1298 311
1299 314
1301 316
1304 317
1306 319
1308 320
1310 321
1311 322
1313 322
1314 323
1315 325
1316 326
1318 328
1319 329
1320 330
1321 331
1322 330
1322 327
1322 324
1322 321
1321 318
1322 316
1322 314
1322 313
1322 313
1323 313
1324 314
1324 316
1324 317
1324 319
1324 321
1324 324
1324 327
1324 330
1324 334
1324 340
1326 347
1327 354
1329 360
1331 366
1329 368
1333 371
1337 373
1341 372
1346 371
1351 370
1357 371
1362 370
1366 371
1371 373
1375 377
1379 382
1383 387
1387 391
1392 393
1397 393
1403 392
1408 389
1415 390
1420 384
1424 379
1426 371
1429 362
1433 357
1438 353
1441 350
1450 344
1455 342
1458 342
1460 343
1461 346
1462 349
1462 352
1464 355
1467 358
1469 359
1472 359
1476 358
1480 355
1484 353
1489 350
1494 347
1498 345
1501 346
1506 344
1513 342
1518 339
1523 335
1526 332
1529 328
1531 324
1532 320
1534 316
1534 313
1535 310
1536 307
1536 304
1537 302
1538 300
1540 299
1542 299
1545 299
1547 299
1549 299
1551 301
1553 304
1555 307
1558 312
1560 318
1562 324
1564 331
1566 339
1568 347
1572 355
1574 362
1577 369
1580 375
1582 381
1583 385
1585 387
1586 390
1587 392
1588 394
1588 396
1588 396
1587 394
1586 392
1586 388
1586 384
1586 379
1587 376
1590 374
1594 372
1599 372
1606 373
1613 375
1621 378
1629 382
1638 386
1649 389
1659 393
1671 394
1683 396
1694 397
1705 397
1716 398
1728 397
1737 398
1747 399
1756 399
1765 400
1772 402
1779 403
1786 405
1792 406
1798 407
1803 407
1807 407
1810 407
1814 405
1818 405
1822 404
1826 404
1831 404
1835 405
1840 406
1844 407
1848 408
1851 408
1854 410
1857 410
1858 408
1860 408
1862 407
1864 406
1866 404
1869 405
1872 404
1876 403
1879 403
1882 404
1886 405
1895 414
1899 413
1902 412
1906 412
1908 413
1911 413
1914 413
1918 414
1921 413
1918 414
1922 413