72 284
77 283
82 282
86 282
91 282
96 282
101 282
106 282
111 281
117 281
122 280
127 279
132 279
138 279
143 278
148 278
152 278
157 277
161 277
166 277
170 278
174 279
179 279
184 279
190 280
195 280
200 280
205 279
210 278
215 279
220 278
226 278
231 277
237 277
242 278
248 278
254 278
260 278
266 279
272 280
279 280
286 280
293 281
299 280
306 279
312 279
317 278
322 278
327 277
331 276
334 276
336 275
337 274
339 273
341 273
342 272
343 270
344 269
346 268
348 267
351 266
353 265
356 265
360 265
363 266
366 265
368 262
384 266
386 266
388 267
391 266
393 266
396 265
399 265
407 264
410 263
411 262
414 261
417 260
421 259
426 257
430 256
435 254
445 252
449 252
453 252
458 251
462 250
467 249
472 249
476 248
482 248
497 248
501 248
505 248
509 248
513 249
517 249
521 249
525 250
528 249
531 249
534 248
536 248
539 247
541 248
543 248
546 249
548 250
551 252
553 253
555 254
559 255
560 256
561 257
561 256
561 257
563 258
563 258
565 261
565 261
573 261
574 262
577 262
579 261
582 260
588 260
591 260
594 260
596 260
599 260
602 260
605 260
608 259
612 258
615 256
619 256
623 255
626 255
629 255
633 256
637 256
640 257
644 257
647 257
651 257
654 256
658 255
662 254
668 257
673 257
678 258
683 259
688 260
693 260
698 260
704 259
710 258
716 258
723 258
730 258
737 259
744 259
752 260
759 260
766 261
772 260
779 259
785 256
791 253
797 249
803 247
808 247
814 250
820 254
826 257
834 261
841 263
848 263
856 263
864 262
871 262
878 262
886 261
893 261
900 261
906 260
911 260
916 260
921 259
925 259
930 260
934 260
938 261
943 262
947 263
951 265
955 267
960 269
964 270
969 272
975 272
981 273
987 273
993 273
999 273
1006 273
1013 272
1020 272
1027 272
1035 272
1043 271
1052 272
1060 272
1067 272
1075 272
1082 272
1090 272
1096 273
1102 273
1108 272
1113 273
1117 272
1121 272
1124 271
1128 271
1131 271
1133 271
1136 271
1138 271
1139 272
1141 273
1142 274
1143 274
1144 276
1145 276
1145 276
1145 276
1131 278
1132 278
1132 277
1133 276
1133 274
1134 274
1135 273
1136 272
1137 272
1138 272
1139 272
1141 272
1141 272
1142 272
1143 272
1144 272
1144 272
1145 272
1146 272
1148 272
1149 272
1151 272
1154 273
1156 273
1160 273
1162 273
1166 273
1169 274
1173 275
1176 274
1180 274
1185 274
1189 274
1192 273
1196 273
1199 273
1201 273
1210 273
1210 273
1212 273
1212 273
1212 273
1213 273
1213 272
1213 272
1214 272
1214 272
1214 273
1214 273
1214 273
1214 273
1215 274
1215 274
1215 274
1216 275
1216 275
1217 276
1217 276
1217 277
1219 277
1230 278
1231 278
1232 278
1232 277
1233 278
1235 278
1236 280
1236 280
1238 280
1239 281
1241 282
1242 283
1245 283
1248 284
1250 284
1253 284
1257 283
1261 282
1264 281
1269 280
1273 280
1278 279
1283 279
1288 278
1293 277
1297 275
1314 275
1319 274
1324 273
1329 272
1334 270
1339 269
1344 270
1349 269
1354 269
1358 269
1362 269
1366 268
1369 269
1373 270
1376 271
1378 272
1380 273
1381 275
1383 277
1384 278
1385 280
1386 283
1387 285
1388 287
1389 288
1390 290
1392 291
1393 293
1395 294
1397 294
1400 295
1402 295
1405 294
1408 294
1410 293
1412 293
1415 292
1416 292
1418 292
1432 290
1433 289
1434 287
1435 286
1435 285
1436 284
1436 283
1437 283
1438 283
1440 283
1441 283
1443 284
1445 284
1446 285
1447 286
1448 287
1450 287
1452 288
1454 289
1456 289
1460 289
1463 289
1466 289
1469 288
1473 288
1476 287
1479 287
1481 287
1484 287
1486 286
1488 286
1490 285
1492 285
1494 284
1496 283
1498 282
1499 281
1501 281
1504 280
1506 279
1509 279
1512 278
1515 278
1519 277
1523 278
1528 278
1532 278
1537 279
1541 280
1545 280
1549 281
1553 283
1557 284
1560 286
1563 288
1566 289
1569 290
1572 291
1575 291
1578 290
1582 289
1586 288
1591 287
1595 287
1601 288
1606 290
1611 292
1618 294
1625 296
1638 297
1645 298
1652 298
1661 298
1672 296
1679 296
1686 296
1694 296
1701 296
1708 297
1714 298
1720 299
1726 300
1731 301
1736 301
1740 303
1744 302
1747 298
1751 298
1756 298
1761 297
1765 297
1769 298
1773 299
1777 299
1780 300
1784 300
1787 301
1792 301
1797 300
1802 300
1806 300
1810 299
1814 298
1818 298
1822 298
1825 298
1829 298
1832 298
1834 299
1837 299
1840 300
1842 301
1844 302
1846 302
1849 303
1851 303
1853 303
1854 303
1857 303
1859 302
1862 302
1864 302
1867 301
1869 300
1871 300
1872 300
1874 300
1877 300
1879 301
1881 301
1884 302
1887 302
1889 303
1893 303
1896 303
1900 302