332 808
339 817
350 801
361 778
378 770
376 760
384 749
387 742
384 735
384 734
382 735
381 737
380 737
380 738
379 740
379 741
379 741
379 742
379 743
379 743
379 743
379 743
379 742
379 741
380 738
381 734
383 729
387 723
392 712
405 701
421 693
438 688
456 684
473 682
493 683
514 683
516 683
516 682
517 681
517 680
577 659
565 658
564 660
564 660
567 660
567 660
567 660
567 660
567 660
567 660
567 660
567 660
567 660
567 660
568 660
568 660
568 660
567 660
567 660
567 660
567 660
567 660
567 660
566 660
564 658
562 657
555 654
546 653
535 653
522 652
511 648
502 642
496 636
488 626
486 619
488 613
493 606
500 602
506 598
517 598
527 602
529 604
529 604
529 604
529 604
529 604
529 604
529 604
529 604
529 604
529 604
529 604
529 604
529 604
529 604
529 602
530 593
535 583
544 573
555 564
567 555
579 546
591 537
601 528
611 519
618 512
621 509
620 508
628 498
628 498
628 498
628 498
647 524
654 528
662 538
672 545
684 553
698 559
707 560
716 560
722 559
726 559
729 561
732 564
734 567
731 568
731 568
731 568
731 568
731 568
731 568
732 568
746 560
767 561
782 560
790 557
795 556
797 555
796 556
796 556
797 556
796 556
796 556
797 556
797 556
797 556
800 557
800 557
815 543
815 543
815 544
815 544
815 544
826 547
842 545
860 544
876 541
892 539
905 537
813 542
813 542
814 542
815 543
817 543
822 540
829 541
840 533
853 525
867 518
881 515
897 513
905 510
909 508
937 509
950 513
960 514
971 514
979 512
985 510
986 511
985 512
987 513
988 512
989 512
989 512
990 512
990 513
990 512
990 512
995 512
1003 511
1015 507
1028 506
994 513
994 513
994 513
994 513
994 513
994 512
994 511
995 509
995 506
996 500
1000 493
1008 486
1018 481
1031 478
1043 479
1057 482
1072 485
1083 480
1083 482
1111 483
1116 481
1120 480
1121 483
1125 483
1124 486
1124 486
1124 486
1122 483
1128 481
1138 484
1157 488
1120 485
1120 485
1121 484
1121 484
1123 484
1126 483
1131 482
1136 482
1141 482
1145 482
1147 482
1148 481
1149 481
1150 482
1150 482
1151 483
1151 483
1151 483
1151 483
1151 483
1151 483
1151 483
1151 483
1151 483
1151 483
1151 483
1151 483
1151 483
1151 483
1151 483
1151 483
1151 483
1151 483
1151 483
1151 483
1151 483
1151 483
1151 483
1151 483
1151 483
1151 483
1151 483
1151 483
1151 482
1150 481
1150 478
1149 475
1148 471
1146 468
1144 467
1140 466
1137 466
1133 466
1131 466
1129 465
1129 464
1129 463
1129 463
1129 462
1129 462
1129 462
1129 461
1129 460
1129 460
1129 459
1129 458
1129 458
1129 458
1128 457
1128 457
1128 457
1128 457
1128 457
1128 457
1128 456
1129 456
1129 457
1131 457
1133 457
1135 457
1135 456
1133 453
1134 448
1134 444
1135 439
1137 437
1137 437
1139 438
1142 441
1143 444
1143 447
1144 449
1145 450
1146 450
1146 450
1146 450
1146 450
1146 450
1146 450
1146 450
1146 450
1147 449
1147 448
1145 444
1145 435
1143 428
1139 435
1134 433
1129 431
1122 431
1117 431
1112 431
1109 429
1106 427
1104 425
1103 425
1102 426
1102 426
1101 427
1101 427
1101 428
1101 428
1101 429
1100 429
1100 430
1100 430
1100 431
1100 431
1100 431
1101 429
1101 427
1102 425
1105 422
1109 417
1115 411
1125 408
1134 407
1144 408
1155 411
1166 414
1177 418
1187 420
1191 428
1192 427
1217 417
1218 416
1219 415
1222 416
1225 418
1225 418
1224 416
1224 416
1224 415
1225 415
1225 414
1226 415
1226 416
1226 417
1226 417
1226 417
1225 417
1225 417
1225 417
1225 417
1225 417
1225 417
1226 417
1226 417
1226 417
1226 417
1226 417
1226 417
1226 417
1226 417
1226 417
1226 418
1226 418
1226 418
1226 418
1226 418
1226 418
1226 418
1226 418
1226 418
1226 417
1226 417
1227 416
1228 414
1230 413
1234 410
1238 409
1244 409
1251 409
1259 409
1268 408
1275 408
1283 407
1293 406
1308 406
1315 404
1322 403
1329 401
1333 401
1336 402
1339 403
1342 403
1344 403
1345 402
1346 402
1346 402
1346 403
1346 404
1347 406
1349 407
1351 409
1351 411
1350 413
1350 413
1350 414
1350 414
1350 414
1350 414
1350 414
1350 414
1351 412
1346 415
1346 415
1347 415
1347 415
1346 415
1346 415
1347 415
1347 415
1347 415
1348 414
1350 412
1350 409
1352 404
1357 400
1361 397
1366 396
1371 396
1374 397
1377 399
1378 401
1379 402
1379 401
1378 400
1377 399
1377 398
1377 397
1377 398
1377 400
1378 403
1378 404
1379 405
1379 405
1380 405
1380 405
1380 405
1380 405
1380 405
1380 405
1380 405
1380 405
1380 405
1380 405
1380 405
1380 405
1380 405
1380 405
1380 405
1380 405
1380 405
1379 404