413 799
412 798
413 798
401 795
401 795
401 794
401 793
403 792
399 793
405 788
409 783
410 775
406 761
407 751
408 746
415 742
421 737
431 734
447 731
463 728
480 724
495 719
508 715
517 712
520 712
521 713
522 713
522 714
522 714
522 714
522 714
522 714
522 714
522 714
520 714
521 714
522 714
522 713
522 713
523 712
523 710
522 706
520 701
516 696
509 688
506 680
502 670
502 661
504 652
510 644
516 642
522 637
528 631
535 626
544 622
552 619
561 617
572 605
573 600
572 599
571 598
570 597
594 631
595 631
596 631
596 631
597 630
597 630
598 630
599 630
599 630
599 630
599 630
599 630
598 630
597 630
597 629
596 629
595 627
591 626
589 624
589 621
589 616
586 608
585 597
580 591
577 588
576 590
580 593
588 594
597 592
606 589
609 585
609 584
608 585
608 585
608 585
608 585
608 585
608 585
608 585
608 585
608 584
608 583
607 580
606 577
606 576
606 576
606 577
606 578
606 578
606 578
606 578
606 578
606 578
606 578
606 578
606 578
606 578
606 578
606 578
606 578
606 576
608 574
611 569
617 563
629 556
644 550
661 546
680 547
701 552
722 558
731 550
732 550
732 550
733 548
733 545
729 558
730 553
730 546
733 538
740 532
747 530
756 531
768 535
776 536
785 530
785 531
789 551
791 549
793 544
796 536
803 530
811 526
816 523
851 541
869 542
884 541
897 540
903 539
905 539
895 538
895 538
894 538
894 538
894 538
894 538
894 538
894 538
896 538
905 538
911 535
915 532
914 532
912 532
911 532
911 532
912 532
912 532
912 532
912 532
916 532
919 533
923 526
928 519
936 511
946 505
957 501
969 500
982 501
990 499
1002 499
1007 498
1031 507
1045 507
1056 505
1065 503
1075 500
1082 499
1086 499
1089 500
1090 502
1092 504
1095 505
1094 505
1094 505
1093 505
1092 505
1092 505
1092 505
1092 505
1092 505
1096 506
1097 506
1096 506
1096 506
1096 506
1099 505
1103 503
1111 500
1114 477
1123 479
1127 484
1127 484
1173 493
1184 492
1190 491
1193 491
1195 492
1195 493
1195 494
1195 495
1196 495
1196 495
1196 495
1196 495
1196 495
1196 494
1196 494
1196 493
1197 491
1198 489
1199 486
1202 481
1203 478
1204 474
1204 472
1203 471
1201 471
1198 471
1195 472
1190 471
1187 473
1182 473
1178 474
1175 473
1174 474
1174 474
1173 474
1173 474
1173 474
1173 476
1172 475
1173 476
1174 476
1175 475
1176 475
1176 475
1176 475
1176 476
1176 476
1176 476
1176 476
1176 476
1176 476
1176 476
1176 476
1176 476
1176 476
1176 476
1176 476
1176 476
1176 476
1176 476
1176 476
1176 476
1176 476
1176 476
1176 476
1176 476
1176 476
1176 476
1176 476
1176 476
1176 476
1176 476
1176 476
1176 476
1176 476
1176 476
1176 476
1176 476
1176 476
1176 476
1176 476
1176 476
1176 476
1176 476
1176 476
1176 476
1176 476
1176 475
1176 475
1177 473
1177 472
1177 471
1177 469
1177 464
1177 461
1176 457
1173 455
1169 452
1165 450
1162 448
1161 445
1159 442
1159 441
1158 442
1157 442
1157 442
1155 442
1155 442
1155 442
1155 442
1155 442
1155 442
1155 442
1155 442
1155 442
1155 442
1156 442
1156 442
1155 442
1155 441
1156 440
1157 439
1159 437
1162 435
1169 434
1177 432
1186 431
1195 429
1201 427
1206 427
1209 429
1210 432
1212 434
1212 435
1212 435
1212 435
1212 435
1212 435
1212 435
1212 435
1212 435
1212 435
1212 435
1212 435
1200 427
1201 426
1207 427
1211 428
1213 428
1213 428
1213 428
1213 428
1212 428
1212 428
1212 428
1212 428
1212 428
1212 428
1212 428
1212 428
1212 427
1211 426
1208 425
1205 424
1200 422
1196 420
1193 418
1191 416
1190 413
1190 411
1192 409
1196 407
1201 405
1208 404
1215 402
1222 402
1224 407
1224 405
1246 387
1249 388
1252 399
1254 401
1256 402
1257 404
1257 405
1257 406
1258 407
1260 407
1261 407
1263 408
1264 408
1264 409
1264 410
1268 408
1277 405
1259 414
1259 414
1259 414
1259 414
1260 414
1263 412
1264 412
1263 412
1263 412
1263 412
1263 412
1270 413
1270 413
1269 413
1269 412
1269 412
1269 411
1269 410
1271 409
1271 406
1275 403
1281 399
1289 397
1297 392
1305 390
1314 389
1322 389
1331 392
1338 396
1346 399
1351 402
1352 402
1353 402
1382 408
1385 407
1387 407
1388 407
1388 408
1390 408
1391 408
1390 408
1390 408
1390 408
1390 408
1390 408
1390 408
1390 408
1390 408
1390 408
1390 408
1390 408
1390 408
1390 408
1390 408
1390 408
1390 408
1390 407
1390 407
1390 406
1391 405
1392 403
1394 400
1396 395
1398 392
1399 390
1399 389
1400 390
1400 391
1400 393
1400 395
1400 396
1398 395
1396 394
1394 392
1392 391
1392 391
1391 391
1391 391
1391 389
1375 394