452 665
468 649
476 632
477 632
477 632
501 554
500 546
500 546
480 479
471 468
463 461
458 459
459 460
460 467
458 468
456 470
455 472
454 475
455 476
458 478
462 482
467 483
474 486
481 490
489 493
498 496
507 500
516 505
526 513
539 519
546 531
552 542
558 553
562 564
566 571
571 577
576 581
580 584
586 589
590 588
592 583
597 580
603 576
607 570
613 565
618 559
624 553
629 546
635 541
639 534
643 529
645 523
647 518
647 514
645 511
642 508
637 505
628 502
616 497
606 494
608 486
601 488
570 478
557 475
563 475
564 479
522 466
517 465
511 463
507 461
504 459
503 457
503 454
502 451
501 442
498 436
495 430
515 428
515 422
510 417
510 414
510 411
525 410
523 409
519 410
520 410
549 425
549 425
592 440
596 451
601 456
604 455
606 456
637 446
642 446
645 447
648 449
650 452
652 454
654 455
657 454
659 452
661 449
663 446
665 442
666 439
665 437
662 435
661 437
660 439
659 441
659 442
659 443
657 444
656 444
655 436
658 435
662 433
665 433
669 432
674 433
679 432
685 432
692 430
699 428
706 426
713 420
719 412
724 412
735 421
739 419
744 418
749 419
767 385
773 383
778 381
782 378
785 377
785 370
788 367
791 378
793 379
795 381
799 384
804 386
808 388
812 391
816 397
822 398
826 402
830 405
821 433
821 440
820 447
819 451
816 452
815 452
815 449
815 446
818 444
820 440
824 438
828 438
833 439
836 439
839 439
843 437
846 435
851 429
855 423
860 415
864 412
868 408
871 408
873 408
877 408
880 407
884 405
888 404
894 401
899 399
905 397
910 395
916 394
921 393
927 392
933 392
938 392
943 390
946 390
951 389
956 390
960 389
965 389
970 389
975 389
981 390
986 391
992 392
997 393
1004 394
1012 394
1020 394
1028 393
1036 393
1042 393
1046 394
1049 394
1067 390
1072 387
1077 383
1080 380
1085 377
1089 374
1094 371
1099 369
1104 367
1110 366
1115 365
1122 364
1128 364
1136 363
1143 362
1149 359
1156 357
1164 355
1173 352
1181 350
1190 347
1197 345
1204 343
1211 341
1217 340
1222 338
1226 336
1229 334
1230 331
1229 329
1230 326
1229 324
1243 311
1241 310
1238 310
1236 312
1233 314
1231 316
1229 318
1226 321
1224 323
1222 325
1221 327
1220 328
1219 329
1218 330
1217 332
1217 333
1216 333
1217 334
1217 335
1217 335
1218 335
1219 335
1221 335
1222 334
1224 333
1227 333
1231 332
1234 332
1237 332
1241 332
1245 332
1249 331
1252 330
1255 329
1258 327
1260 326
1262 324
1264 322
1265 319
1266 317
1268 314
1269 311
1269 308
1270 305
1270 302
1270 300
1270 297
1270 295
1271 294
1271 293
1271 292
1271 291
1271 291
1271 291
1271 291
1271 292
1271 292
1270 293
1270 293
1270 294
1270 295
1269 296
1268 298
1267 299
1265 302
1265 304
1264 306
1263 308
1262 310
1261 311
1259 312
1258 313
1256 313
1255 314
1253 315
1250 317
1248 319
1246 321
1245 322
1243 323
1241 324
1240 324
1239 324
1237 322
1236 320
1234 318
1232 315
1230 314
1229 313
1226 312
1224 311
1222 311
1219 312
1216 313
1214 314
1211 315
1208 317
1204 320
1200 323
1197 326
1193 331
1188 336
1182 342
1175 348
1167 356
1159 361
1149 364
1141 365
1135 364
1130 364
1128 360
1128 356
1129 356
1131 356
1135 356
1141 358
1147 361
1155 364
1164 368
1174 370
1185 370
1195 369
1204 367
1213 363
1219 359
1224 354
1229 349
1233 345
1236 339
1239 335
1240 331
1242 328
1241 327
1241 327
1240 328
1240 330
1242 326
1241 328
1242 328
1243 330
1246 331
1248 331
1235 336
1235 335
1236 332
1238 330
1239 328
1241 326
1244 324
1246 322
1249 320
1252 317
1255 315
1256 312
1258 308
1259 305
1259 302
1259 298
1259 296
1259 293
1258 290
1258 288
1258 287
1258 285
1259 283
1261 282
1264 281
1266 280
1269 280
1272 280
1275 281
1278 283
1281 285
1284 289
1287 293
1289 298
1291 303
1293 309
1295 315
1296 316
1296 314
1297 311
1299 307
1301 304
1302 301
1304 298
1285 348
1281 351
1277 352
1272 353
1269 355
1267 352
1265 350
1264 347
1263 345
1262 340
1267 337
1273 335
1281 334
1290 333
1300 334
1309 335
1319 337
1329 339
1338 341
1348 343
1356 344
1364 345
1371 345
1371 344
1370 338
1371 333
1386 333
1391 332
1395 331
1399 331
1402 331
1406 332
1409 332
1411 332
1413 332
1415 332
1416 332
1418 331
1420 331
1421 330
1422 330
1424 330
1426 330
1427 330
1428 329
1429 330
1430 330
1431 330
1431 331
1430 331
1430 332
1429 333
1428 334
1426 334
1425 334
1423 333
1422 333
1420 332
1419 331
1418 330
1418 329
1417 328
1417 328
1416 327
1416 327
1416 327
1416 327
1416 328
1415 327
1415 328
1415 328
1414 328
1410 329