378 617
378 617
378 617
378 617
378 617
378 617
378 617
378 617
378 617
378 617
379 615
381 612
381 607
409 515
410 513
412 511
413 510
415 509
417 508
419 508
422 507
484 458
491 459
498 460
506 462
515 463
525 466
535 473
543 481
548 491
551 504
550 516
547 529
556 521
556 521
532 542
537 539
542 537
547 535
553 533
555 528
560 525
564 520
567 520
567 520
567 520
567 520
567 519
567 519
567 519
567 519
567 519
680 486
683 480
685 474
687 469
687 464
681 459
670 457
659 454
646 450
631 448
627 435
627 436
577 446
586 454
552 453
552 450
554 451
502 435
494 431
488 427
484 423
482 419
480 416
478 409
477 404
477 397
477 390
478 384
478 380
479 378
482 378
487 383
495 391
506 400
516 406
520 411
531 412
536 405
541 408
545 402
551 400
616 436
621 436
624 437
626 440
628 445
629 452
630 458
629 450
620 444
620 444
620 444
620 444
608 421
608 421
608 421
610 422
611 423
613 424
614 424
617 423
618 422
621 420
613 431
617 434
620 436
624 437
628 438
633 439
638 439
644 437
651 434
658 431
666 425
675 419
681 412
689 406
693 402
698 398
706 390
712 389
780 380
787 373
793 367
797 363
799 362
800 362
801 364
802 366
802 369
804 366
809 372
813 378
815 380
819 383
823 385
823 390
826 395
828 400
828 404
829 409
829 413
827 416
824 414
824 413
831 409
834 406
839 403
847 400
854 397
862 396
871 393
881 391
891 388
900 383
910 377
919 370
927 363
933 357
940 351
945 347
948 345
951 344
953 343
957 341
961 338
971 335
978 332
986 329
994 327
1003 326
1011 326
1020 328
1027 330
1034 331
1038 334
1047 335
1055 335
1061 335
1064 334
1070 334
1074 340
1079 342
1083 343
1088 345
1094 345
1100 347
1106 348
1113 348
1116 349
1124 350
1132 351
1140 351
1148 351
1156 350
1163 348
1168 347
1173 345
1177 343
1181 341
1175 339
1177 337
1178 335
1179 333
1179 332
1179 331
1179 329
1177 328
1175 327
1172 325
1168 324
1164 323
1162 321
1169 322
1173 322
1140 341
1141 341
1141 341
1142 342
1122 325
1116 330
1108 330
1090 333
1086 335
1081 336
1077 337
1073 337
1071 336
1068 336
1065 337
1063 338
1063 340
1065 343
1066 344
1070 344
1074 343
1078 341
1081 339
1085 337
1088 334
1091 331
1093 329
1096 327
1098 326
1099 324
1100 322
1100 321
1101 319
1101 317
1102 314
1102 311
1103 307
1104 302
1104 298
1104 294
1105 291
1105 288
1106 286
1106 285
1106 284
1106 284
1105 284
1104 285
1103 287
1101 288
1099 290
1097 292
1095 293
1093 295
1092 296
1090 298
1090 300
1088 301
1087 303
1086 305
1086 307
1085 308
1085 310
1085 311
1084 312
1084 313
1084 314
1084 314
1084 314
1084 314
1084 314
1084 314
1084 315
1083 316
1083 317
1085 314
1085 315
1085 315
1085 316
1084 317
1083 317
1082 318
1080 318
1079 319
1077 319
1076 320
1075 320
1073 321
1072 322
1071 323
1070 325
1070 325
1069 325
1069 324
1071 321
1071 318
1073 314
1075 310
1078 306
1081 302
1084 298
1088 295
1092 292
1096 290
1099 289
1102 288
1105 288
1107 288
1109 289
1111 290
1112 291
1114 292
1114 294
1115 296
1115 300
1116 304
1117 308
1117 312
1119 317
1121 322
1121 327
1122 327
1145 324
1145 324
1154 319
1154 319
1154 320
1156 320
1177 347
1183 346
1189 347
1194 348
1199 348
1204 349
1208 349
1210 357
1215 353
1217 350
1220 346
1221 339
1223 336
1223 332
1225 329
1228 327
1230 325
1232 324
1221 331
1222 332
1222 334
1221 336
1219 338
1217 339
1214 340
1228 332
1227 332
1249 330
1251 329
1252 328
1253 328
1255 327
1256 327
1257 328
1262 330
1263 330
1263 331
1264 332
1264 333
1265 334
1265 334
1265 335
1266 336
1266 336
1267 336
1268 336
1270 335
1273 335
1275 334
1278 333
1281 332
1284 331
1287 330
1289 329
1291 327
1293 326
1296 325
1297 324
1299 322
1299 321
1299 320
1298 320
1297 320
1297 322
1294 325
1295 330
1295 334
1295 339
1298 344
1301 347
1302 343
1293 293
1295 291
1298 290
1301 288
1307 289
1312 287
1317 285
1320 286
1323 285
1342 279
1349 275
1355 273
1362 271
1367 270
1372 270
1377 272
1382 276
1383 281
1382 287
1378 295
1373 301
1373 301
1374 301
1354 318
1357 317
1360 317
1364 316
1366 316
1369 316
1326 328
1326 328
1327 329
1329 330
1332 330
1337 330
1341 331
1346 330
1350 331
1353 331
1356 331
1359 331
1361 330
1362 330
1364 329
1364 329
1365 329
1365 329
1365 330
1364 330
1364 330
1363 331
1363 331
1362 332
1362 332
1362 332
1362 332
1362 330
1362 329
1362 328
1362 327
1363 325
1363 324
1364 323
1364 322
1364 321
1364 321
1364 320
1364 321
1364 321
1364 322
1364 323
1364 324
1364 325