406 488
408 487
410 485
413 483
416 481
417 480
418 479
420 476
421 474
422 471
422 470
422 468
423 466
424 465
424 463
426 462
427 461
428 460
430 458
433 458
435 457
450 444
450 444
450 444
451 444
453 443
472 445
472 445
477 447
486 447
495 446
514 432
514 432
515 432
522 430
540 425
540 425
540 425
557 424
558 424
568 423
568 423
568 422
571 421
589 417
589 417
589 417
590 417
589 415
590 414
589 413
589 412
588 410
587 408
586 406
581 403
579 401
579 400
587 398
582 395
579 394
576 392
574 389
573 388
572 386
571 387
569 387
567 388
565 389
563 389
561 388
559 389
556 388
554 387
553 387
550 386
548 385
559 378
559 378
558 377
557 375
556 374
555 366
554 365
552 364
551 363
550 361
550 360
552 359
554 357
557 356
560 355
564 354
569 353
574 353
578 353
584 353
589 352
598 351
602 350
605 349
616 344
618 343
620 342
622 341
625 340
627 340
629 339
631 339
633 340
636 342
638 343
640 342
642 342
646 341
659 341
660 340
662 341
672 346
673 347
673 347
677 347
680 346
685 346
691 345
709 353
715 351
719 350
723 350
726 349
729 349
733 348
737 347
740 345
743 343
747 341
750 340
761 340
764 340
767 340
770 341
773 341
775 341
779 341
782 340
786 338
789 337
793 335
797 333
801 333
805 333
813 335
817 335
821 335
827 334
834 333
840 331
847 330
853 329
859 328
866 328
872 327
879 327
886 326
892 326
898 325
904 324
910 322
915 317
920 312
925 308
930 307
935 307
938 310
943 313
948 316
953 318
959 319
964 319
970 317
976 316
981 314
987 313
992 312
997 312
1002 311
1007 310
1011 309
1015 308
1020 308
1024 307
1027 307
1031 307
1035 308
1038 309
1042 310
1046 311
1050 313
1054 314
1058 315
1063 315
1068 315
1073 314
1079 314
1084 313
1089 312
1094 311
1099 310
1104 309
1108 308
1113 307
1117 306
1122 305
1126 305
1129 304
1133 304
1135 303
1138 303
1140 303
1143 303
1145 303
1146 303
1148 301
1150 300
1138 298
1139 298
1141 298
1143 298
1144 298
1147 298
1149 298
1150 299
1152 299
1153 300
1145 301
1146 302
1147 302
1147 301
1148 301
1148 300
1148 300
1149 299
1149 297
1149 297
1150 296
1151 296
1151 297
1152 296
1152 296
1153 296
1153 296
1154 296
1154 296
1154 296
1155 295
1155 295
1155 295
1156 295
1157 296
1157 296
1158 296
1159 296
1160 295
1161 295
1163 295
1165 295
1167 295
1169 294
1171 294
1173 294
1174 293
1176 293
1177 293
1178 293
1178 293
1178 293
1177 293
1177 293
1176 293
1176 293
1175 293
1174 293
1174 293
1173 293
1173 293
1172 293
1172 293
1170 293
1170 294
1170 294
1170 294
1169 295
1168 295
1167 295
1166 295
1169 291
1169 291
1168 291
1168 291
1167 291
1167 292
1166 292
1166 292
1165 292
1164 292
1163 293
1163 293
1162 294
1161 294
1161 294
1160 295
1159 295
1158 294
1156 294
1154 293
1152 292
1151 291
1150 290
1150 289
1149 289
1149 288
1149 287
1150 285
1150 284
1151 283
1152 281
1153 279
1154 278
1155 277
1157 276
1159 276
1161 275
1162 275
1163 275
1165 274
1166 274
1168 273
1170 273
1170 274
1170 274
1170 275
1170 275
1170 276
1170 277
1169 277
1169 278
1169 278
1169 279
1170 280
1170 281
1171 282
1172 283
1174 283
1176 284
1179 284
1182 284
1186 284
1189 283
1193 282
1196 282
1199 282
1201 281
1204 281
1211 279
1212 278
1213 278
1214 277
1215 276
1215 275
1215 274
1216 274
1216 274
1216 274
1217 274
1217 274
1217 275
1217 275
1217 275
1217 275
1217 276
1226 280
1225 280
1224 280
1224 280
1223 280
1223 279
1224 278
1224 278
1224 277
1225 277
1225 277
1225 276
1225 276
1225 275
1224 275
1224 274
1224 273
1223 272
1223 272
1223 271
1223 270
1224 269
1224 269
1225 268
1226 267
1227 267
1229 266
1230 266
1232 266
1234 266
1236 267
1238 267
1240 267
1241 268
1243 269
1245 270
1247 271
1250 272
1252 272
1255 273
1258 273
1262 273
1266 272
1270 270
1275 269
1280 268
1285 268
1290 268
1295 269
1299 271
1305 272
1309 273
1314 273
1320 273
1326 272
1326 273
1331 272
1336 271
1341 270
1345 269
1342 267
1347 266
1350 267
1354 267
1358 267
1361 266
1364 265
1366 265
1369 264
1371 264
1373 263
1375 263
1376 263
1378 262
1380 262
1377 262
1379 262
1381 262
1383 263
1386 263
1388 262
1391 262
1393 261
1394 260
1396 259
1397 259
1398 258
1399 258
1400 258
1400 257
1400 257
1401 258
1401 258
1398 258
1398 259
1398 260
1398 260
1398 261
1397 261
1397 261
1396 260
1396 260
1396 259
1396 259
1395 258
1395 258
1395 257
1395 257
1395 257
1395 257
1395 256
1394 257
1395 257
1394 257
1394 257
1394 257
1394 257
1394 257
1394 256